object={
	name="tallgrass_01_generator_1_0"
	render_pass=Map
	clamp_to_water_level=no
	generated_content=yes
	layer="grass_layer"
	pdxmesh="tallgrass_01_tall_grass_mesh"
	count=54
	transform="4952.427246 0.000000 1766.242798 0.000000 0.992654 0.000000 0.120991 1.274020 1.274020 1.274020
4956.291992 0.000000 1766.494141 0.000000 0.521901 0.000000 0.853006 1.041352 1.041352 1.041352
4959.072754 0.000000 1766.694092 0.000000 0.647153 0.000000 -0.762360 1.865554 1.865554 1.865554
4953.826172 0.000000 1766.761475 0.000000 0.996326 0.000000 0.085637 1.281634 1.281634 1.281634
4956.472656 0.000000 1768.251465 0.000000 0.000642 0.000000 1.000000 0.586566 0.586566 0.586566
4955.215332 0.000000 1769.070312 0.000000 0.967125 0.000000 -0.254300 1.415161 1.415161 1.415161
4958.797852 0.000000 1767.808472 0.000000 0.577614 0.000000 -0.816310 1.922988 1.922988 1.922988
4957.375977 0.000000 1768.979980 0.000000 0.313617 0.000000 -0.949550 1.868781 1.868781 1.868781
4958.107422 0.000000 1766.578979 0.000000 0.074681 0.000000 -0.997208 2.275943 2.275943 2.275943
4957.975098 0.000000 1768.310425 0.000000 0.103638 0.000000 -0.994615 1.966550 1.966550 1.966550
4954.798828 0.000000 1769.903076 0.000000 0.345683 0.000000 -0.938351 1.845442 1.845442 1.845442
4956.174316 0.000000 1769.076660 0.000000 0.058764 0.000000 0.998272 0.612991 0.612991 0.612991
4954.267090 0.000000 1767.505615 0.000000 0.196615 0.000000 0.980481 0.751944 0.751944 0.751944
4955.440430 0.000000 1766.689697 0.000000 0.366489 0.000000 -0.930422 1.777267 1.777267 1.777267
4955.613770 0.000000 1768.251465 0.000000 0.535618 0.000000 -0.844461 1.750370 1.750370 1.750370
4954.778809 0.000000 1768.302856 0.000000 0.963201 0.000000 -0.268783 1.421881 1.421881 1.421881
4955.645508 0.000000 1769.951904 0.000000 0.476990 0.000000 -0.878909 1.780831 1.780831 1.780831
4954.360352 0.000000 1769.098755 0.000000 0.397050 0.000000 -0.917797 1.820659 1.820659 1.820659
4993.230469 0.000000 1787.948120 0.000000 0.969029 0.000000 0.246948 1.254648 1.254648 1.254648
4981.020996 0.000000 1783.024902 0.000000 0.402891 0.000000 -0.915248 1.825309 1.825309 1.825309
4986.642090 0.000000 1784.116943 0.000000 0.678957 0.000000 0.734178 0.970879 0.970879 0.970879
4989.224121 0.000000 1784.664429 0.000000 0.508113 0.000000 0.861290 0.717301 0.717301 0.717301
4991.029785 0.000000 1791.678223 0.000000 0.841581 0.000000 0.540130 1.214814 1.214814 1.214814
4991.620605 0.000000 1794.641113 0.000000 0.694848 0.000000 0.719157 0.971794 0.971794 0.971794
4979.742188 0.000000 1781.713379 0.000000 0.143629 0.000000 -0.989632 1.462059 1.462059 1.462059
4991.401855 0.000000 1787.975708 0.000000 0.786688 0.000000 0.617350 1.235216 1.235216 1.235216
4992.280762 0.000000 1792.921753 0.000000 0.490967 0.000000 0.871178 0.987647 0.987647 0.987647
4989.332031 0.000000 1786.472778 0.000000 0.157167 0.000000 -0.987572 1.524705 1.524705 1.524705
4992.336426 0.000000 1789.392944 0.000000 0.131733 0.000000 0.991285 0.370819 0.370819 0.370819
4991.768555 0.000000 1784.802979 0.000000 0.520267 0.000000 -0.854004 1.476077 1.476077 1.476077
4993.623047 0.000000 1792.320312 0.000000 0.935593 0.000000 -0.353081 1.406578 1.406578 1.406578
4987.845215 0.000000 1784.959351 0.000000 0.950527 0.000000 0.310642 1.173906 1.173906 1.173906
4979.562012 0.000000 1783.177856 0.000000 0.440629 0.000000 -0.897690 1.802779 1.802779 1.802779
4993.658203 0.000000 1789.593750 0.000000 0.067213 0.000000 0.997739 0.328933 0.328933 0.328933
4990.503906 0.000000 1785.032471 0.000000 0.997705 0.000000 -0.067708 1.311655 1.311655 1.311655
4992.301758 0.000000 1787.093140 0.000000 0.977758 0.000000 0.209734 1.261596 1.261596 1.261596
4991.056152 0.000000 1792.897339 0.000000 0.998391 0.000000 0.056701 1.276064 1.276064 1.276064
4992.245117 0.000000 1791.618774 0.000000 0.851321 0.000000 0.524646 0.973766 0.973766 0.973766
4986.689453 0.000000 1785.384644 0.000000 0.461305 0.000000 0.887241 0.864343 0.864343 0.864343
4990.395996 0.000000 1794.593262 0.000000 0.953987 0.000000 -0.299846 1.424533 1.424533 1.424533
4988.684570 0.000000 1785.624512 0.000000 0.873341 0.000000 -0.487110 1.585665 1.585665 1.585665
4992.562012 0.000000 1793.919434 0.000000 0.862409 0.000000 0.506212 1.143237 1.143237 1.143237
4992.317383 0.000000 1788.350586 0.000000 0.925523 0.000000 0.378691 1.049161 1.049161 1.049161
4992.409180 0.000000 1790.350952 0.000000 0.718038 0.000000 -0.696004 1.754718 1.754718 1.754718
4989.718750 0.000000 1785.582153 0.000000 0.068540 0.000000 -0.997648 2.143447 2.143447 2.143447
4991.133789 0.000000 1793.839355 0.000000 0.880948 0.000000 0.473213 1.092022 1.092022 1.092022
4979.030762 0.000000 1782.339355 0.000000 0.027292 0.000000 0.999627 0.603686 0.603686 0.603686
4990.837402 0.000000 1795.483276 0.000000 0.780097 0.000000 -0.625658 1.576429 1.576429 1.576429
4980.223145 0.000000 1782.515503 0.000000 0.995331 0.000000 0.096518 1.256076 1.256076 1.256076
4981.624023 0.000000 1783.734619 0.000000 0.879561 0.000000 0.475787 1.074696 1.074696 1.074696
4993.131348 0.000000 1788.815308 0.000000 0.965945 0.000000 -0.258747 1.469036 1.469036 1.469036
4991.679199 0.000000 1792.250000 0.000000 0.219796 0.000000 0.975546 0.730754 0.730754 0.730754
4993.073730 0.000000 1791.646729 0.000000 0.081023 0.000000 -0.996712 2.179931 2.179931 2.179931
4980.801270 0.000000 1783.914795 0.000000 0.992556 0.000000 -0.121791 1.355476 1.355476 1.355476
"}
