object={
	name="tree_leaf_birch_01_cluster_generator_1_0"
	render_pass=Map
	clamp_to_water_level=no
	generated_content=yes
	layer="tree_high_layer"
	pdxmesh="tree_leaf_birch_01_cluster_a_mesh"
	count=90
	transform="646.084229 0.000000 1884.188110 0.000000 0.750007 0.000000 -0.661430 1.000000 1.000000 1.000000
4450.979004 0.000000 1797.842041 0.000000 0.350032 0.000000 -0.936738 1.000000 1.000000 1.000000
4444.484863 0.000000 1817.070923 0.000000 0.997855 0.000000 0.065456 1.000000 1.000000 1.000000
4457.880859 0.000000 1810.609985 0.000000 0.280334 0.000000 -0.959902 1.000000 1.000000 1.000000
4456.000000 0.000000 1819.407715 0.000000 0.773523 0.000000 0.633768 1.000000 1.000000 1.000000
4459.897461 0.000000 1801.159546 0.000000 0.304460 0.000000 -0.952525 1.000000 1.000000 1.000000
4438.650391 0.000000 1811.461914 0.000000 0.781281 0.000000 -0.624180 1.000000 1.000000 1.000000
4450.441406 0.000000 1812.516357 0.000000 0.435210 0.000000 0.900329 1.000000 1.000000 1.000000
4453.502441 0.000000 1804.796143 0.000000 0.002790 0.000000 0.999996 1.000000 1.000000 1.000000
4439.138184 0.000000 1821.231323 0.000000 0.398940 0.000000 -0.916977 1.000000 1.000000 1.000000
4436.981445 0.000000 1804.912598 0.000000 0.219734 0.000000 -0.975560 1.000000 1.000000 1.000000
4461.474609 0.000000 1814.983887 0.000000 0.997206 0.000000 0.074696 1.000000 1.000000 1.000000
4461.446289 0.000000 1821.068359 0.000000 0.960292 0.000000 -0.278995 1.000000 1.000000 1.000000
4434.231934 0.000000 1814.833252 0.000000 0.129842 0.000000 0.991535 1.000000 1.000000 1.000000
4445.389160 0.000000 1811.561523 0.000000 0.707068 0.000000 0.707146 1.000000 1.000000 1.000000
4455.874512 0.000000 1798.311523 0.000000 0.214430 0.000000 0.976739 1.000000 1.000000 1.000000
4460.457031 0.000000 1806.465698 0.000000 0.733089 0.000000 -0.680133 1.000000 1.000000 1.000000
4454.948242 0.000000 1814.580933 0.000000 0.937703 0.000000 0.347437 1.000000 1.000000 1.000000
4439.991699 0.000000 1816.036133 0.000000 0.717399 0.000000 -0.696662 1.000000 1.000000 1.000000
4448.944336 0.000000 1804.015503 0.000000 0.998855 0.000000 0.047834 1.000000 1.000000 1.000000
4449.321777 0.000000 1816.781860 0.000000 0.931863 0.000000 0.362811 1.000000 1.000000 1.000000
4454.062012 0.000000 1823.471802 0.000000 0.705495 0.000000 0.708715 1.000000 1.000000 1.000000
4453.745605 0.000000 1809.330200 0.000000 0.709549 0.000000 0.704656 1.000000 1.000000 1.000000
4440.206543 0.000000 1807.572144 0.000000 0.948956 0.000000 0.315410 1.000000 1.000000 1.000000
4435.374512 0.000000 1808.913452 0.000000 0.729446 0.000000 -0.684039 1.000000 1.000000 1.000000
4436.112305 0.000000 1818.645630 0.000000 0.332813 0.000000 -0.942993 1.000000 1.000000 1.000000
4457.328613 0.000000 1804.107178 0.000000 0.363094 0.000000 -0.931753 1.000000 1.000000 1.000000
4453.120605 0.000000 1800.856934 0.000000 0.728950 0.000000 -0.684567 1.000000 1.000000 1.000000
4458.163574 0.000000 1816.494507 0.000000 0.971865 0.000000 0.235539 1.000000 1.000000 1.000000
4452.793945 0.000000 1817.767822 0.000000 0.808843 0.000000 0.588025 1.000000 1.000000 1.000000
4442.142090 0.000000 1813.084595 0.000000 0.803446 0.000000 0.595378 1.000000 1.000000 1.000000
4446.780273 0.000000 1819.747559 0.000000 0.717793 0.000000 -0.696256 1.000000 1.000000 1.000000
4457.417969 0.000000 1822.520630 0.000000 0.957994 0.000000 0.286789 1.000000 1.000000 1.000000
4442.196289 0.000000 1819.609985 0.000000 0.477884 0.000000 -0.878423 1.000000 1.000000 1.000000
4446.765625 0.000000 1814.676392 0.000000 0.092596 0.000000 -0.995704 1.000000 1.000000 1.000000
4456.770508 0.000000 1807.388184 0.000000 0.527038 0.000000 0.849842 1.000000 1.000000 1.000000
4462.321777 0.000000 1803.187012 0.000000 0.955751 0.000000 0.294176 1.000000 1.000000 1.000000
4458.515137 0.000000 1813.554688 0.000000 0.682467 0.000000 -0.730917 1.000000 1.000000 1.000000
4458.896484 0.000000 1819.310669 0.000000 0.170126 0.000000 0.985422 1.000000 1.000000 1.000000
4456.737305 0.000000 1801.146240 0.000000 0.616526 0.000000 -0.787335 1.000000 1.000000 1.000000
4452.006348 0.000000 1815.072510 0.000000 0.943290 0.000000 -0.331969 1.000000 1.000000 1.000000
4455.276367 0.000000 1811.613159 0.000000 0.229732 0.000000 0.973254 1.000000 1.000000 1.000000
4439.274414 0.000000 1818.520874 0.000000 0.654256 0.000000 -0.756273 1.000000 1.000000 1.000000
4460.849609 0.000000 1812.441650 0.000000 0.037271 0.000000 0.999305 1.000000 1.000000 1.000000
4444.294922 0.000000 1814.599731 0.000000 0.018176 0.000000 0.999835 1.000000 1.000000 1.000000
4454.842773 0.000000 1802.726562 0.000000 0.985928 0.000000 0.167168 1.000000 1.000000 1.000000
4459.937012 0.000000 1804.004150 0.000000 0.478174 0.000000 -0.878265 1.000000 1.000000 1.000000
4459.411621 0.000000 1808.726440 0.000000 0.336182 0.000000 -0.941797 1.000000 1.000000 1.000000
4455.166016 0.000000 1816.993530 0.000000 0.813554 0.000000 0.581489 1.000000 1.000000 1.000000
4455.634766 0.000000 1805.453735 0.000000 0.047943 0.000000 0.998850 1.000000 1.000000 1.000000
4461.977539 0.000000 1807.868408 0.000000 0.879760 0.000000 0.475418 1.000000 1.000000 1.000000
4458.510742 0.000000 1805.805298 0.000000 0.937311 0.000000 0.348494 1.000000 1.000000 1.000000
4458.384277 0.000000 1802.387817 0.000000 0.773341 0.000000 0.633990 1.000000 1.000000 1.000000
4457.523926 0.000000 1826.285522 0.000000 0.132043 0.000000 0.991244 1.000000 1.000000 1.000000
4432.851562 0.000000 1824.108887 0.000000 0.709203 0.000000 0.705004 1.000000 1.000000 1.000000
4437.829590 0.000000 1824.188354 0.000000 0.987178 0.000000 -0.159621 1.000000 1.000000 1.000000
4460.645508 0.000000 1823.746826 0.000000 0.901620 0.000000 0.432530 1.000000 1.000000 1.000000
4463.567383 0.000000 1807.899658 0.000000 0.992375 0.000000 -0.123257 1.000000 1.000000 1.000000
4502.537109 0.000000 1751.123535 0.000000 0.384306 0.000000 -0.923206 1.000000 1.000000 1.000000
4488.472656 0.000000 1763.102539 0.000000 0.905769 0.000000 0.423772 1.000000 1.000000 1.000000
4489.979980 0.000000 1781.930176 0.000000 0.129948 0.000000 -0.991521 1.000000 1.000000 1.000000
4493.835938 0.000000 1772.464355 0.000000 0.396032 0.000000 0.918237 1.000000 1.000000 1.000000
4505.367188 0.000000 1757.792480 0.000000 0.932513 0.000000 0.361136 1.000000 1.000000 1.000000
4499.009766 0.000000 1768.579224 0.000000 0.951694 0.000000 0.307048 1.000000 1.000000 1.000000
4470.178711 0.000000 1807.130127 0.000000 0.436112 0.000000 -0.899892 1.000000 1.000000 1.000000
4493.776855 0.000000 1765.650269 0.000000 0.444332 0.000000 -0.895862 1.000000 1.000000 1.000000
4489.871094 0.000000 1776.563599 0.000000 0.990451 0.000000 -0.137866 1.000000 1.000000 1.000000
4492.409668 0.000000 1759.600708 0.000000 0.703648 0.000000 -0.710549 1.000000 1.000000 1.000000
4487.107422 0.000000 1786.176636 0.000000 0.575638 0.000000 -0.817704 1.000000 1.000000 1.000000
4489.121094 0.000000 1768.028442 0.000000 0.942056 0.000000 -0.335455 1.000000 1.000000 1.000000
4463.599609 0.000000 1813.709717 0.000000 0.861561 0.000000 0.507654 1.000000 1.000000 1.000000
4484.488770 0.000000 1782.515625 0.000000 0.828730 0.000000 -0.559648 1.000000 1.000000 1.000000
4491.312012 0.000000 1785.805664 0.000000 0.235851 0.000000 -0.971789 1.000000 1.000000 1.000000
4486.403809 0.000000 1778.889404 0.000000 0.283813 0.000000 0.958880 1.000000 1.000000 1.000000
4495.760742 0.000000 1762.172119 0.000000 0.992948 0.000000 -0.118547 1.000000 1.000000 1.000000
4466.697266 0.000000 1805.108154 0.000000 0.999924 0.000000 -0.012364 1.000000 1.000000 1.000000
4474.412109 0.000000 1801.610107 0.000000 0.964934 0.000000 -0.262493 1.000000 1.000000 1.000000
4467.002930 0.000000 1809.278564 0.000000 0.937953 0.000000 -0.346761 1.000000 1.000000 1.000000
4498.703613 0.000000 1758.550293 0.000000 0.328182 0.000000 0.944615 1.000000 1.000000 1.000000
4504.430664 0.000000 1754.231201 0.000000 0.487713 0.000000 0.873004 1.000000 1.000000 1.000000
4497.637207 0.000000 1765.156494 0.000000 0.392419 0.000000 0.919787 1.000000 1.000000 1.000000
4477.890137 0.000000 1802.439575 0.000000 0.300355 0.000000 -0.953828 1.000000 1.000000 1.000000
4498.494629 0.000000 1753.791626 0.000000 0.992435 0.000000 0.122771 1.000000 1.000000 1.000000
4495.493164 0.000000 1758.725220 0.000000 0.977647 0.000000 0.210252 1.000000 1.000000 1.000000
4464.104980 0.000000 1805.335693 0.000000 0.470069 0.000000 0.882630 1.000000 1.000000 1.000000
4503.384277 0.000000 1756.474609 0.000000 0.418270 0.000000 -0.908323 1.000000 1.000000 1.000000
4465.764160 0.000000 1807.187500 0.000000 0.362065 0.000000 0.932153 1.000000 1.000000 1.000000
4497.846680 0.000000 1760.818604 0.000000 0.992414 0.000000 0.122939 1.000000 1.000000 1.000000
4498.921387 0.000000 1756.406738 0.000000 0.947896 0.000000 0.318579 1.000000 1.000000 1.000000
4500.462402 0.000000 1757.568237 0.000000 0.999162 0.000000 -0.040930 1.000000 1.000000 1.000000
"}
