object={
	name="tree_savanna_generator_1_0"
	render_pass=Map
	clamp_to_water_level=no
	generated_content=yes
	layer="tree_high_layer"
	pdxmesh="tree_acacia_01_mesh"
	count=107
	transform="3311.754883 0.000000 2905.892090 0.000000 0.359677 0.000000 0.933077 1.000000 1.000000 1.000000
3314.248779 0.000000 2906.187744 0.000000 0.256442 0.000000 0.966560 1.000000 1.000000 1.000000
4211.878906 0.000000 2106.609131 0.000000 0.161313 0.000000 0.986903 1.000000 1.000000 1.000000
4182.868652 0.000000 2130.829834 0.000000 0.196050 0.000000 0.980594 1.000000 1.000000 1.000000
4310.291504 0.000000 2242.986816 0.000000 0.218160 0.000000 0.975913 1.000000 1.000000 1.000000
4309.571289 0.000000 2219.865967 0.000000 0.140631 0.000000 0.990062 1.000000 1.000000 1.000000
4304.589844 0.000000 2242.542236 0.000000 0.027856 0.000000 0.999612 1.000000 1.000000 1.000000
4310.982422 0.000000 2218.249756 0.000000 0.019052 0.000000 0.999819 1.000000 1.000000 1.000000
4335.475098 0.000000 2305.082520 0.000000 0.289748 0.000000 0.957103 1.000000 1.000000 1.000000
4333.956543 0.000000 2314.469727 0.000000 0.292820 0.000000 0.956168 1.000000 1.000000 1.000000
4799.604980 0.000000 1789.168091 0.000000 0.302845 0.000000 0.953040 1.000000 1.000000 1.000000
4810.574219 0.000000 1789.329834 0.000000 0.083026 0.000000 0.996547 1.000000 1.000000 1.000000
4800.832520 0.000000 1791.912598 0.000000 0.356328 0.000000 0.934361 1.000000 1.000000 1.000000
4882.394531 0.000000 1812.516357 0.000000 0.333557 0.000000 0.942730 1.000000 1.000000 1.000000
4890.204102 0.000000 1777.268799 0.000000 0.325455 0.000000 0.945558 1.000000 1.000000 1.000000
4876.140137 0.000000 1756.948730 0.000000 0.086376 0.000000 0.996263 1.000000 1.000000 1.000000
4886.946289 0.000000 1800.122803 0.000000 0.067585 0.000000 0.997714 1.000000 1.000000 1.000000
4858.482422 0.000000 1778.967896 0.000000 0.253913 0.000000 0.967227 1.000000 1.000000 1.000000
4889.346191 0.000000 1799.452393 0.000000 0.018934 0.000000 0.999821 1.000000 1.000000 1.000000
4883.017090 0.000000 1786.310913 0.000000 0.020364 0.000000 0.999793 1.000000 1.000000 1.000000
4877.700195 0.000000 1764.455811 0.000000 0.121194 0.000000 0.992629 1.000000 1.000000 1.000000
4877.103027 0.000000 1786.654297 0.000000 0.181779 0.000000 0.983339 1.000000 1.000000 1.000000
4881.711426 0.000000 1786.289429 0.000000 0.349349 0.000000 0.936993 1.000000 1.000000 1.000000
5040.831055 0.000000 1720.262573 0.000000 0.101980 0.000000 0.994786 1.000000 1.000000 1.000000
4949.872070 0.000000 1755.837769 0.000000 0.059295 0.000000 0.998240 1.000000 1.000000 1.000000
4966.573242 0.000000 1765.463257 0.000000 0.062840 0.000000 0.998024 1.000000 1.000000 1.000000
4903.256836 0.000000 1805.710083 0.000000 0.299914 0.000000 0.953966 1.000000 1.000000 1.000000
4949.516113 0.000000 1758.313110 0.000000 0.139680 0.000000 0.990197 1.000000 1.000000 1.000000
4902.315430 0.000000 1804.315063 0.000000 0.362308 0.000000 0.932058 1.000000 1.000000 1.000000
4947.083984 0.000000 1757.914429 0.000000 0.183856 0.000000 0.982953 1.000000 1.000000 1.000000
4960.037598 0.000000 1769.214600 0.000000 0.343898 0.000000 0.939007 1.000000 1.000000 1.000000
5033.357910 0.000000 1759.550903 0.000000 0.308866 0.000000 0.951106 1.000000 1.000000 1.000000
5012.067871 0.000000 1784.133301 0.000000 0.127534 0.000000 0.991834 1.000000 1.000000 1.000000
4968.764160 0.000000 1767.190918 0.000000 0.161464 0.000000 0.986879 1.000000 1.000000 1.000000
4927.079102 0.000000 1893.605103 0.000000 0.097215 0.000000 0.995263 1.000000 1.000000 1.000000
4960.682617 0.000000 1897.130615 0.000000 0.151328 0.000000 0.988484 1.000000 1.000000 1.000000
4915.853027 0.000000 1880.943726 0.000000 0.085572 0.000000 0.996332 1.000000 1.000000 1.000000
4949.465332 0.000000 1889.276123 0.000000 0.145302 0.000000 0.989387 1.000000 1.000000 1.000000
4960.188965 0.000000 1900.485596 0.000000 0.331285 0.000000 0.943531 1.000000 1.000000 1.000000
5080.368164 0.000000 1754.231201 0.000000 0.089360 0.000000 0.995999 1.000000 1.000000 1.000000
5068.460449 0.000000 1758.218140 0.000000 0.204039 0.000000 0.978963 1.000000 1.000000 1.000000
4956.159180 0.000000 1930.062012 0.000000 0.043102 0.000000 0.999071 1.000000 1.000000 1.000000
4958.912109 0.000000 1930.296631 0.000000 0.354314 0.000000 0.935126 1.000000 1.000000 1.000000
4954.673828 0.000000 1934.987061 0.000000 0.215582 0.000000 0.976486 1.000000 1.000000 1.000000
4959.463379 0.000000 1932.220947 0.000000 0.332290 0.000000 0.943177 1.000000 1.000000 1.000000
4951.558594 0.000000 1935.821045 0.000000 0.245493 0.000000 0.969398 1.000000 1.000000 1.000000
4938.644531 0.000000 1924.816406 0.000000 0.029094 0.000000 0.999577 1.000000 1.000000 1.000000
4936.944824 0.000000 1976.631226 0.000000 0.277508 0.000000 0.960723 1.000000 1.000000 1.000000
4965.366699 0.000000 1939.862793 0.000000 0.088890 0.000000 0.996041 1.000000 1.000000 1.000000
4941.812012 0.000000 1959.834961 0.000000 0.269266 0.000000 0.963066 1.000000 1.000000 1.000000
4959.945312 0.000000 2107.360840 0.000000 0.257433 0.000000 0.966296 1.000000 1.000000 1.000000
4951.213379 0.000000 2062.225098 0.000000 0.062380 0.000000 0.998052 1.000000 1.000000 1.000000
4946.062988 0.000000 2054.698486 0.000000 0.275268 0.000000 0.961368 1.000000 1.000000 1.000000
4949.661621 0.000000 2077.609375 0.000000 0.281826 0.000000 0.959465 1.000000 1.000000 1.000000
4932.565918 0.000000 2035.557983 0.000000 0.201295 0.000000 0.979531 1.000000 1.000000 1.000000
4959.333008 0.000000 2041.754639 0.000000 0.090023 0.000000 0.995940 1.000000 1.000000 1.000000
4962.196289 0.000000 2065.221924 0.000000 0.211027 0.000000 0.977480 1.000000 1.000000 1.000000
4944.944824 0.000000 2088.301270 0.000000 0.267723 0.000000 0.963496 1.000000 1.000000 1.000000
4926.080078 0.000000 2073.264404 0.000000 0.011558 0.000000 0.999933 1.000000 1.000000 1.000000
4907.564941 0.000000 2077.865479 0.000000 0.090438 0.000000 0.995902 1.000000 1.000000 1.000000
4950.512207 0.000000 2074.997070 0.000000 0.229354 0.000000 0.973343 1.000000 1.000000 1.000000
4961.309570 0.000000 2041.312134 0.000000 0.110034 0.000000 0.993928 1.000000 1.000000 1.000000
4927.878906 0.000000 2072.535889 0.000000 0.003856 0.000000 0.999993 1.000000 1.000000 1.000000
4943.092773 0.000000 2088.263916 0.000000 0.268929 0.000000 0.963160 1.000000 1.000000 1.000000
4948.565918 0.000000 2072.133545 0.000000 0.347239 0.000000 0.937777 1.000000 1.000000 1.000000
4921.006348 0.000000 2063.304688 0.000000 0.116075 0.000000 0.993240 1.000000 1.000000 1.000000
4943.603516 0.000000 2087.014160 0.000000 0.343398 0.000000 0.939190 1.000000 1.000000 1.000000
4951.450195 0.000000 2056.311035 0.000000 0.278326 0.000000 0.960487 1.000000 1.000000 1.000000
5006.482422 0.000000 2039.076660 0.000000 0.227267 0.000000 0.973832 1.000000 1.000000 1.000000
4967.530762 0.000000 2054.296387 0.000000 0.149568 0.000000 0.988751 1.000000 1.000000 1.000000
5004.830078 0.000000 2040.976562 0.000000 0.232256 0.000000 0.972655 1.000000 1.000000 1.000000
5006.418457 0.000000 2042.242188 0.000000 0.286182 0.000000 0.958175 1.000000 1.000000 1.000000
4972.547852 0.000000 2046.201538 0.000000 0.358320 0.000000 0.933599 1.000000 1.000000 1.000000
4921.430664 0.000000 2120.468262 0.000000 0.313419 0.000000 0.949615 1.000000 1.000000 1.000000
4925.540527 0.000000 2136.422363 0.000000 0.090658 0.000000 0.995882 1.000000 1.000000 1.000000
4906.328613 0.000000 2113.702881 0.000000 0.102974 0.000000 0.994684 1.000000 1.000000 1.000000
4928.249023 0.000000 2125.556152 0.000000 0.312533 0.000000 0.949907 1.000000 1.000000 1.000000
4923.822754 0.000000 2136.017090 0.000000 0.248243 0.000000 0.968698 1.000000 1.000000 1.000000
4997.095215 0.000000 2177.912354 0.000000 0.133434 0.000000 0.991058 1.000000 1.000000 1.000000
4977.787598 0.000000 2171.428711 0.000000 0.157754 0.000000 0.987478 1.000000 1.000000 1.000000
5016.144043 0.000000 2191.509766 0.000000 0.348655 0.000000 0.937251 1.000000 1.000000 1.000000
5038.013672 0.000000 2145.776855 0.000000 0.114620 0.000000 0.993409 1.000000 1.000000 1.000000
4976.467285 0.000000 2178.606934 0.000000 0.001080 0.000000 0.999999 1.000000 1.000000 1.000000
4987.176270 0.000000 2188.812744 0.000000 0.305090 0.000000 0.952324 1.000000 1.000000 1.000000
5018.281738 0.000000 2189.924316 0.000000 0.126981 0.000000 0.991905 1.000000 1.000000 1.000000
4978.697754 0.000000 2179.352051 0.000000 0.114289 0.000000 0.993448 1.000000 1.000000 1.000000
4979.742188 0.000000 2165.651123 0.000000 0.345724 0.000000 0.938336 1.000000 1.000000 1.000000
4978.833984 0.000000 2177.132812 0.000000 0.272687 0.000000 0.962103 1.000000 1.000000 1.000000
5001.411133 0.000000 2217.838867 0.000000 0.099822 0.000000 0.995005 1.000000 1.000000 1.000000
5004.976562 0.000000 2247.579346 0.000000 0.223109 0.000000 0.974793 1.000000 1.000000 1.000000
5008.561035 0.000000 2250.199707 0.000000 0.344712 0.000000 0.938708 1.000000 1.000000 1.000000
5012.516602 0.000000 2225.777344 0.000000 0.154603 0.000000 0.987977 1.000000 1.000000 1.000000
5014.597656 0.000000 2228.058350 0.000000 0.292274 0.000000 0.956335 1.000000 1.000000 1.000000
5061.755371 0.000000 2196.070068 0.000000 0.258396 0.000000 0.966039 1.000000 1.000000 1.000000
5058.055664 0.000000 2158.148682 0.000000 0.325731 0.000000 0.945463 1.000000 1.000000 1.000000
5062.341309 0.000000 2162.826904 0.000000 0.138747 0.000000 0.990328 1.000000 1.000000 1.000000
5039.455566 0.000000 2141.491943 0.000000 0.131900 0.000000 0.991263 1.000000 1.000000 1.000000
5058.895996 0.000000 2176.971191 0.000000 0.353160 0.000000 0.935563 1.000000 1.000000 1.000000
5063.802734 0.000000 2158.424316 0.000000 0.073604 0.000000 0.997288 1.000000 1.000000 1.000000
5059.932129 0.000000 2206.472656 0.000000 0.059548 0.000000 0.998225 1.000000 1.000000 1.000000
5060.191406 0.000000 2157.229492 0.000000 0.291435 0.000000 0.956591 1.000000 1.000000 1.000000
5063.760742 0.000000 2168.740479 0.000000 0.168008 0.000000 0.985786 1.000000 1.000000 1.000000
5061.876465 0.000000 2166.707764 0.000000 0.120487 0.000000 0.992715 1.000000 1.000000 1.000000
5058.668457 0.000000 2207.126709 0.000000 0.129303 0.000000 0.991605 1.000000 1.000000 1.000000
5059.490723 0.000000 2149.776611 0.000000 0.028766 0.000000 0.999586 1.000000 1.000000 1.000000
5059.029297 0.000000 2161.322510 0.000000 0.333829 0.000000 0.942634 1.000000 1.000000 1.000000
5053.736816 0.000000 2212.241455 0.000000 0.048470 0.000000 0.998825 1.000000 1.000000 1.000000
"}
object={
	name="tree_savanna_generator_1_1"
	render_pass=Map
	clamp_to_water_level=no
	generated_content=yes
	layer="tree_high_layer"
	pdxmesh="tree_acacia_02_mesh"
	count=94
	transform="3272.915039 0.000000 2897.947510 0.000000 0.635604 0.000000 0.772016 1.000000 1.000000 1.000000
3275.875000 0.000000 2895.424805 0.000000 0.382599 0.000000 0.923915 1.000000 1.000000 1.000000
3276.452881 0.000000 2896.612305 0.000000 0.664856 0.000000 0.746971 1.000000 1.000000 1.000000
3313.081787 0.000000 2916.358643 0.000000 0.651597 0.000000 0.758565 1.000000 1.000000 1.000000
4191.893066 0.000000 2139.084717 0.000000 0.457468 0.000000 0.889226 1.000000 1.000000 1.000000
4214.582520 0.000000 2149.098145 0.000000 0.643743 0.000000 0.765242 1.000000 1.000000 1.000000
4285.654785 0.000000 2190.206787 0.000000 0.600672 0.000000 0.799495 1.000000 1.000000 1.000000
4312.473145 0.000000 2214.104736 0.000000 0.513499 0.000000 0.858090 1.000000 1.000000 1.000000
4308.551758 0.000000 2244.879395 0.000000 0.413495 0.000000 0.910506 1.000000 1.000000 1.000000
4310.249512 0.000000 2278.615234 0.000000 0.410362 0.000000 0.911923 1.000000 1.000000 1.000000
4315.331055 0.000000 2272.816162 0.000000 0.564192 0.000000 0.825644 1.000000 1.000000 1.000000
4317.151367 0.000000 2242.970947 0.000000 0.684140 0.000000 0.729351 1.000000 1.000000 1.000000
4308.831055 0.000000 2218.992676 0.000000 0.404500 0.000000 0.914538 1.000000 1.000000 1.000000
4326.822266 0.000000 2302.509521 0.000000 0.472321 0.000000 0.881427 1.000000 1.000000 1.000000
4334.447266 0.000000 2306.173584 0.000000 0.665266 0.000000 0.746606 1.000000 1.000000 1.000000
4327.802734 0.000000 2303.625732 0.000000 0.426982 0.000000 0.904260 1.000000 1.000000 1.000000
4772.093262 0.000000 1797.657227 0.000000 0.436782 0.000000 0.899567 1.000000 1.000000 1.000000
4811.409668 0.000000 1788.012939 0.000000 0.552380 0.000000 0.833593 1.000000 1.000000 1.000000
4798.639648 0.000000 1782.253052 0.000000 0.416375 0.000000 0.909193 1.000000 1.000000 1.000000
4818.166016 0.000000 1793.557495 0.000000 0.385444 0.000000 0.922731 1.000000 1.000000 1.000000
4876.904785 0.000000 1780.743774 0.000000 0.525928 0.000000 0.850529 1.000000 1.000000 1.000000
4888.723633 0.000000 1807.388184 0.000000 0.586620 0.000000 0.809863 1.000000 1.000000 1.000000
4864.943359 0.000000 1775.804199 0.000000 0.381656 0.000000 0.924304 1.000000 1.000000 1.000000
4877.629395 0.000000 1782.865845 0.000000 0.452958 0.000000 0.891532 1.000000 1.000000 1.000000
4885.633789 0.000000 1815.885498 0.000000 0.412018 0.000000 0.911176 1.000000 1.000000 1.000000
4886.486816 0.000000 1812.943604 0.000000 0.563037 0.000000 0.826432 1.000000 1.000000 1.000000
4863.137695 0.000000 1776.526733 0.000000 0.564099 0.000000 0.825707 1.000000 1.000000 1.000000
4877.886230 0.000000 1784.135864 0.000000 0.570775 0.000000 0.821107 1.000000 1.000000 1.000000
4862.595215 0.000000 1777.763794 0.000000 0.679535 0.000000 0.733643 1.000000 1.000000 1.000000
4874.664062 0.000000 1800.673706 0.000000 0.677358 0.000000 0.735653 1.000000 1.000000 1.000000
5038.690430 0.000000 1715.809082 0.000000 0.379781 0.000000 0.925076 1.000000 1.000000 1.000000
5041.142578 0.000000 1723.147217 0.000000 0.389511 0.000000 0.921022 1.000000 1.000000 1.000000
4948.074707 0.000000 1767.614868 0.000000 0.428704 0.000000 0.903445 1.000000 1.000000 1.000000
4958.564941 0.000000 1768.949463 0.000000 0.490354 0.000000 0.871523 1.000000 1.000000 1.000000
5034.045898 0.000000 1761.346924 0.000000 0.482402 0.000000 0.875950 1.000000 1.000000 1.000000
5013.432617 0.000000 1784.673218 0.000000 0.644447 0.000000 0.764649 1.000000 1.000000 1.000000
5032.152344 0.000000 1759.027344 0.000000 0.386075 0.000000 0.922467 1.000000 1.000000 1.000000
4952.599121 0.000000 1896.804688 0.000000 0.658489 0.000000 0.752590 1.000000 1.000000 1.000000
4914.649902 0.000000 1880.101318 0.000000 0.374141 0.000000 0.927372 1.000000 1.000000 1.000000
4928.329102 0.000000 1892.630737 0.000000 0.513307 0.000000 0.858205 1.000000 1.000000 1.000000
4960.995605 0.000000 1901.802124 0.000000 0.396728 0.000000 0.917936 1.000000 1.000000 1.000000
4964.337402 0.000000 1891.066406 0.000000 0.424788 0.000000 0.905293 1.000000 1.000000 1.000000
4948.472656 0.000000 1888.321045 0.000000 0.606549 0.000000 0.795046 1.000000 1.000000 1.000000
5054.654785 0.000000 1736.655518 0.000000 0.517704 0.000000 0.855560 1.000000 1.000000 1.000000
5074.697266 0.000000 1759.865356 0.000000 0.599563 0.000000 0.800328 1.000000 1.000000 1.000000
4940.881348 0.000000 1968.670166 0.000000 0.560559 0.000000 0.828114 1.000000 1.000000 1.000000
4962.293945 0.000000 1938.720459 0.000000 0.484805 0.000000 0.874622 1.000000 1.000000 1.000000
4944.458984 0.000000 1964.988770 0.000000 0.408037 0.000000 0.912965 1.000000 1.000000 1.000000
4943.194336 0.000000 1964.171265 0.000000 0.476943 0.000000 0.878934 1.000000 1.000000 1.000000
4938.391602 0.000000 1971.615479 0.000000 0.381058 0.000000 0.924551 1.000000 1.000000 1.000000
4942.534180 0.000000 1975.486084 0.000000 0.615109 0.000000 0.788442 1.000000 1.000000 1.000000
4902.437500 0.000000 2088.887207 0.000000 0.485466 0.000000 0.874256 1.000000 1.000000 1.000000
4953.241699 0.000000 2040.529663 0.000000 0.435553 0.000000 0.900163 1.000000 1.000000 1.000000
4965.767578 0.000000 2065.204590 0.000000 0.624568 0.000000 0.780971 1.000000 1.000000 1.000000
4965.512207 0.000000 2055.790527 0.000000 0.623023 0.000000 0.782203 1.000000 1.000000 1.000000
4951.126465 0.000000 2072.483154 0.000000 0.616848 0.000000 0.787082 1.000000 1.000000 1.000000
4949.656738 0.000000 2059.144775 0.000000 0.504571 0.000000 0.863370 1.000000 1.000000 1.000000
4942.395996 0.000000 2089.919189 0.000000 0.561924 0.000000 0.827189 1.000000 1.000000 1.000000
4912.975098 0.000000 2075.954834 0.000000 0.538970 0.000000 0.842325 1.000000 1.000000 1.000000
4935.072754 0.000000 2035.859741 0.000000 0.653870 0.000000 0.756607 1.000000 1.000000 1.000000
4942.298828 0.000000 2084.108398 0.000000 0.692520 0.000000 0.721399 1.000000 1.000000 1.000000
4951.726562 0.000000 2100.870850 0.000000 0.546064 0.000000 0.837743 1.000000 1.000000 1.000000
4949.709961 0.000000 2104.010742 0.000000 0.445683 0.000000 0.895191 1.000000 1.000000 1.000000
4966.849609 0.000000 2054.924805 0.000000 0.509684 0.000000 0.860362 1.000000 1.000000 1.000000
4959.579102 0.000000 2106.159668 0.000000 0.505590 0.000000 0.862774 1.000000 1.000000 1.000000
5004.558105 0.000000 2035.557983 0.000000 0.400960 0.000000 0.916095 1.000000 1.000000 1.000000
5002.439941 0.000000 2041.744751 0.000000 0.507662 0.000000 0.861556 1.000000 1.000000 1.000000
5008.451172 0.000000 2055.905029 0.000000 0.574402 0.000000 0.818573 1.000000 1.000000 1.000000
5003.089355 0.000000 2039.888550 0.000000 0.489283 0.000000 0.872125 1.000000 1.000000 1.000000
4972.771484 0.000000 2044.212402 0.000000 0.462246 0.000000 0.886752 1.000000 1.000000 1.000000
5005.775391 0.000000 2034.906006 0.000000 0.612677 0.000000 0.790334 1.000000 1.000000 1.000000
5003.616211 0.000000 2034.969849 0.000000 0.623723 0.000000 0.781646 1.000000 1.000000 1.000000
4911.412598 0.000000 2113.113770 0.000000 0.649593 0.000000 0.760282 1.000000 1.000000 1.000000
4922.208008 0.000000 2135.170410 0.000000 0.523810 0.000000 0.851835 1.000000 1.000000 1.000000
4918.264648 0.000000 2122.789307 0.000000 0.475426 0.000000 0.879756 1.000000 1.000000 1.000000
4926.999512 0.000000 2121.338623 0.000000 0.534899 0.000000 0.844916 1.000000 1.000000 1.000000
4920.913086 0.000000 2122.840820 0.000000 0.454634 0.000000 0.890679 1.000000 1.000000 1.000000
4974.429688 0.000000 2184.871582 0.000000 0.506217 0.000000 0.862406 1.000000 1.000000 1.000000
5012.918945 0.000000 2188.850342 0.000000 0.616403 0.000000 0.787431 1.000000 1.000000 1.000000
5002.593262 0.000000 2183.910645 0.000000 0.567536 0.000000 0.823349 1.000000 1.000000 1.000000
4976.265625 0.000000 2163.006104 0.000000 0.578685 0.000000 0.815551 1.000000 1.000000 1.000000
5034.452637 0.000000 2197.492432 0.000000 0.537910 0.000000 0.843003 1.000000 1.000000 1.000000
4986.485840 0.000000 2183.334473 0.000000 0.500979 0.000000 0.865460 1.000000 1.000000 1.000000
4974.241699 0.000000 2186.689941 0.000000 0.395616 0.000000 0.918416 1.000000 1.000000 1.000000
5002.226074 0.000000 2185.596680 0.000000 0.558067 0.000000 0.829796 1.000000 1.000000 1.000000
5011.305664 0.000000 2232.016846 0.000000 0.528102 0.000000 0.849181 1.000000 1.000000 1.000000
5005.001465 0.000000 2235.549561 0.000000 0.653256 0.000000 0.757138 1.000000 1.000000 1.000000
5004.830078 0.000000 2232.945557 0.000000 0.415832 0.000000 0.909442 1.000000 1.000000 1.000000
5011.686523 0.000000 2233.622314 0.000000 0.511895 0.000000 0.859048 1.000000 1.000000 1.000000
4996.719238 0.000000 2227.725098 0.000000 0.655487 0.000000 0.755206 1.000000 1.000000 1.000000
5059.686523 0.000000 2179.241699 0.000000 0.573942 0.000000 0.818896 1.000000 1.000000 1.000000
5059.724609 0.000000 2197.429443 0.000000 0.631836 0.000000 0.775102 1.000000 1.000000 1.000000
5060.736816 0.000000 2175.553711 0.000000 0.649117 0.000000 0.760689 1.000000 1.000000 1.000000
5056.777832 0.000000 2213.915527 0.000000 0.691439 0.000000 0.722435 1.000000 1.000000 1.000000
"}
object={
	name="tree_savanna_generator_1_2"
	render_pass=Map
	clamp_to_water_level=no
	generated_content=yes
	layer="tree_high_layer"
	pdxmesh="tree_acacia_03_mesh"
	count=94
	transform="3276.962402 0.000000 2894.113037 0.000000 0.698462 0.000000 0.715647 1.000000 1.000000 1.000000
3312.104736 0.000000 2907.837891 0.000000 0.907776 0.000000 0.419456 1.000000 1.000000 1.000000
4207.262207 0.000000 2147.222656 0.000000 0.820407 0.000000 0.571780 1.000000 1.000000 1.000000
4288.564453 0.000000 2188.361328 0.000000 0.740397 0.000000 0.672170 1.000000 1.000000 1.000000
4301.338867 0.000000 2228.605957 0.000000 0.811252 0.000000 0.584697 1.000000 1.000000 1.000000
4310.038574 0.000000 2214.093994 0.000000 0.810058 0.000000 0.586350 1.000000 1.000000 1.000000
4316.993164 0.000000 2245.969971 0.000000 0.907521 0.000000 0.420007 1.000000 1.000000 1.000000
4316.517578 0.000000 2320.787354 0.000000 0.809353 0.000000 0.587323 1.000000 1.000000 1.000000
4359.391113 0.000000 2361.981689 0.000000 0.811656 0.000000 0.584135 1.000000 1.000000 1.000000
4333.409668 0.000000 2317.571289 0.000000 0.742954 0.000000 0.669343 1.000000 1.000000 1.000000
4354.379395 0.000000 2353.384033 0.000000 0.892473 0.000000 0.451100 1.000000 1.000000 1.000000
4332.377930 0.000000 2316.897705 0.000000 0.834964 0.000000 0.550305 1.000000 1.000000 1.000000
4823.329590 0.000000 1786.202148 0.000000 0.769862 0.000000 0.638211 1.000000 1.000000 1.000000
4820.818359 0.000000 1786.310547 0.000000 0.725558 0.000000 0.688162 1.000000 1.000000 1.000000
4813.253906 0.000000 1793.276733 0.000000 0.741426 0.000000 0.671034 1.000000 1.000000 1.000000
4815.045898 0.000000 1793.673096 0.000000 0.798266 0.000000 0.602305 1.000000 1.000000 1.000000
4775.961914 0.000000 1798.433716 0.000000 0.852338 0.000000 0.522992 1.000000 1.000000 1.000000
4811.898926 0.000000 1789.282715 0.000000 0.704288 0.000000 0.709915 1.000000 1.000000 1.000000
4884.945801 0.000000 1812.627808 0.000000 0.731591 0.000000 0.681744 1.000000 1.000000 1.000000
4823.502441 0.000000 1786.309082 0.000000 0.892747 0.000000 0.450558 1.000000 1.000000 1.000000
4881.341309 0.000000 1779.782227 0.000000 0.733533 0.000000 0.679654 1.000000 1.000000 1.000000
4888.328613 0.000000 1776.552002 0.000000 0.777724 0.000000 0.628605 1.000000 1.000000 1.000000
4876.573730 0.000000 1784.180298 0.000000 0.713325 0.000000 0.700834 1.000000 1.000000 1.000000
4882.348145 0.000000 1815.423462 0.000000 0.784303 0.000000 0.620378 1.000000 1.000000 1.000000
4879.881348 0.000000 1787.497925 0.000000 0.886453 0.000000 0.462819 1.000000 1.000000 1.000000
4865.208008 0.000000 1777.746338 0.000000 0.802022 0.000000 0.597295 1.000000 1.000000 1.000000
4878.057617 0.000000 1781.582153 0.000000 0.881484 0.000000 0.472213 1.000000 1.000000 1.000000
4876.661621 0.000000 1755.399292 0.000000 0.836251 0.000000 0.548347 1.000000 1.000000 1.000000
4878.704102 0.000000 1780.135498 0.000000 0.835819 0.000000 0.549006 1.000000 1.000000 1.000000
5045.162109 0.000000 1724.079224 0.000000 0.733997 0.000000 0.679153 1.000000 1.000000 1.000000
5041.852539 0.000000 1716.923096 0.000000 0.761824 0.000000 0.647784 1.000000 1.000000 1.000000
4900.975586 0.000000 1795.347046 0.000000 0.862358 0.000000 0.506299 1.000000 1.000000 1.000000
4897.417969 0.000000 1775.263184 0.000000 0.699064 0.000000 0.715059 1.000000 1.000000 1.000000
4907.598145 0.000000 1807.577881 0.000000 0.815741 0.000000 0.578417 1.000000 1.000000 1.000000
5014.790527 0.000000 1784.902832 0.000000 0.839044 0.000000 0.544063 1.000000 1.000000 1.000000
5026.877441 0.000000 1783.520264 0.000000 0.714527 0.000000 0.699608 1.000000 1.000000 1.000000
5027.932129 0.000000 1796.354614 0.000000 0.869365 0.000000 0.494171 1.000000 1.000000 1.000000
4917.231934 0.000000 1880.648804 0.000000 0.808537 0.000000 0.588446 1.000000 1.000000 1.000000
5073.089355 0.000000 1759.173096 0.000000 0.768254 0.000000 0.640145 1.000000 1.000000 1.000000
5070.541504 0.000000 1759.999390 0.000000 0.785112 0.000000 0.619353 1.000000 1.000000 1.000000
4893.775391 0.000000 2065.204590 0.000000 0.856617 0.000000 0.515953 1.000000 1.000000 1.000000
4895.229980 0.000000 2065.119385 0.000000 0.810450 0.000000 0.585808 1.000000 1.000000 1.000000
4965.784180 0.000000 1946.952271 0.000000 0.892627 0.000000 0.450797 1.000000 1.000000 1.000000
4954.135254 0.000000 1933.051025 0.000000 0.698083 0.000000 0.716017 1.000000 1.000000 1.000000
4939.668457 0.000000 1988.066772 0.000000 0.902811 0.000000 0.430037 1.000000 1.000000 1.000000
4939.157227 0.000000 1972.965210 0.000000 0.825577 0.000000 0.564290 1.000000 1.000000 1.000000
4958.164062 0.000000 1939.561401 0.000000 0.704260 0.000000 0.709943 1.000000 1.000000 1.000000
4943.014160 0.000000 1969.325562 0.000000 0.832839 0.000000 0.553516 1.000000 1.000000 1.000000
4957.968262 0.000000 1926.140625 0.000000 0.802424 0.000000 0.596754 1.000000 1.000000 1.000000
4960.893555 0.000000 1935.732178 0.000000 0.827855 0.000000 0.560941 1.000000 1.000000 1.000000
4940.554199 0.000000 1958.731079 0.000000 0.851609 0.000000 0.524178 1.000000 1.000000 1.000000
4958.446289 0.000000 1938.103882 0.000000 0.811989 0.000000 0.583673 1.000000 1.000000 1.000000
4971.454590 0.000000 1948.831787 0.000000 0.737869 0.000000 0.674944 1.000000 1.000000 1.000000
4974.634766 0.000000 1951.452393 0.000000 0.801688 0.000000 0.597742 1.000000 1.000000 1.000000
4957.254883 0.000000 2038.112915 0.000000 0.777953 0.000000 0.628322 1.000000 1.000000 1.000000
4950.233887 0.000000 2055.745605 0.000000 0.742128 0.000000 0.670259 1.000000 1.000000 1.000000
4923.907715 0.000000 2103.860840 0.000000 0.706517 0.000000 0.707696 1.000000 1.000000 1.000000
4950.725586 0.000000 2107.700684 0.000000 0.873155 0.000000 0.487442 1.000000 1.000000 1.000000
4959.812988 0.000000 2039.014282 0.000000 0.713495 0.000000 0.700660 1.000000 1.000000 1.000000
4952.604492 0.000000 2055.753906 0.000000 0.740782 0.000000 0.671746 1.000000 1.000000 1.000000
4948.460938 0.000000 2107.987793 0.000000 0.824408 0.000000 0.565996 1.000000 1.000000 1.000000
4951.646484 0.000000 2076.921387 0.000000 0.850658 0.000000 0.525719 1.000000 1.000000 1.000000
4949.641602 0.000000 2079.825684 0.000000 0.754382 0.000000 0.656436 1.000000 1.000000 1.000000
4902.832520 0.000000 2087.088135 0.000000 0.769460 0.000000 0.638695 1.000000 1.000000 1.000000
4908.605957 0.000000 2076.976807 0.000000 0.853023 0.000000 0.521873 1.000000 1.000000 1.000000
4920.457031 0.000000 2138.373291 0.000000 0.896262 0.000000 0.443526 1.000000 1.000000 1.000000
4916.711426 0.000000 2114.307861 0.000000 0.888285 0.000000 0.459292 1.000000 1.000000 1.000000
5020.759277 0.000000 2190.419922 0.000000 0.896275 0.000000 0.443499 1.000000 1.000000 1.000000
4984.536133 0.000000 2188.656738 0.000000 0.898154 0.000000 0.439680 1.000000 1.000000 1.000000
4975.775391 0.000000 2187.946045 0.000000 0.862681 0.000000 0.505748 1.000000 1.000000 1.000000
5003.140137 0.000000 2186.892578 0.000000 0.855049 0.000000 0.518548 1.000000 1.000000 1.000000
5024.041992 0.000000 2194.871582 0.000000 0.774415 0.000000 0.632678 1.000000 1.000000 1.000000
4990.117676 0.000000 2180.031006 0.000000 0.773171 0.000000 0.634197 1.000000 1.000000 1.000000
4984.610840 0.000000 2186.254883 0.000000 0.747567 0.000000 0.664186 1.000000 1.000000 1.000000
4991.651855 0.000000 2190.509277 0.000000 0.826598 0.000000 0.562793 1.000000 1.000000 1.000000
4980.989258 0.000000 2202.549072 0.000000 0.866737 0.000000 0.498765 1.000000 1.000000 1.000000
4976.420898 0.000000 2175.555176 0.000000 0.808893 0.000000 0.587956 1.000000 1.000000 1.000000
4985.897949 0.000000 2187.547363 0.000000 0.881817 0.000000 0.471591 1.000000 1.000000 1.000000
4981.174805 0.000000 2176.960938 0.000000 0.712438 0.000000 0.701735 1.000000 1.000000 1.000000
4991.419922 0.000000 2181.264648 0.000000 0.869223 0.000000 0.494420 1.000000 1.000000 1.000000
5001.308105 0.000000 2214.451416 0.000000 0.785214 0.000000 0.619225 1.000000 1.000000 1.000000
4996.550781 0.000000 2226.324463 0.000000 0.835506 0.000000 0.549482 1.000000 1.000000 1.000000
5010.079102 0.000000 2233.392578 0.000000 0.745750 0.000000 0.666225 1.000000 1.000000 1.000000
5000.384277 0.000000 2216.068848 0.000000 0.750778 0.000000 0.660554 1.000000 1.000000 1.000000
5060.426270 0.000000 2166.453369 0.000000 0.699226 0.000000 0.714900 1.000000 1.000000 1.000000
5059.671875 0.000000 2194.755859 0.000000 0.827122 0.000000 0.562023 1.000000 1.000000 1.000000
5060.543945 0.000000 2155.106201 0.000000 0.812611 0.000000 0.582807 1.000000 1.000000 1.000000
5039.644043 0.000000 2196.131348 0.000000 0.828113 0.000000 0.560562 1.000000 1.000000 1.000000
5071.092773 0.000000 2158.446045 0.000000 0.904337 0.000000 0.426819 1.000000 1.000000 1.000000
5061.818848 0.000000 2174.720459 0.000000 0.744080 0.000000 0.668090 1.000000 1.000000 1.000000
5063.050293 0.000000 2157.098633 0.000000 0.767676 0.000000 0.640838 1.000000 1.000000 1.000000
5063.546387 0.000000 2163.604248 0.000000 0.910517 0.000000 0.413472 1.000000 1.000000 1.000000
5058.138184 0.000000 2204.055176 0.000000 0.871257 0.000000 0.490827 1.000000 1.000000 1.000000
5062.229492 0.000000 2163.999023 0.000000 0.816074 0.000000 0.577947 1.000000 1.000000 1.000000
"}
object={
	name="tree_savanna_generator_1_3"
	render_pass=Map
	clamp_to_water_level=no
	generated_content=yes
	layer="tree_high_layer"
	pdxmesh="tree_acacia_04_mesh"
	count=104
	transform="3277.328369 0.000000 2895.580566 0.000000 0.958335 0.000000 0.285646 1.000000 1.000000 1.000000
4211.164551 0.000000 2104.028076 0.000000 0.952057 0.000000 0.305921 1.000000 1.000000 1.000000
4180.604004 0.000000 2134.266113 0.000000 0.997810 0.000000 0.066147 1.000000 1.000000 1.000000
4193.746094 0.000000 2139.337646 0.000000 0.946928 0.000000 0.321445 1.000000 1.000000 1.000000
4232.217285 0.000000 2144.343750 0.000000 0.941293 0.000000 0.337592 1.000000 1.000000 1.000000
4312.946289 0.000000 2273.543945 0.000000 0.939715 0.000000 0.341960 1.000000 1.000000 1.000000
4312.968750 0.000000 2245.521240 0.000000 0.953915 0.000000 0.300076 1.000000 1.000000 1.000000
4311.796387 0.000000 2216.296631 0.000000 0.986644 0.000000 0.162890 1.000000 1.000000 1.000000
4308.229492 0.000000 2218.015137 0.000000 0.991901 0.000000 0.127015 1.000000 1.000000 1.000000
4307.735352 0.000000 2219.759766 0.000000 0.944939 0.000000 0.327246 1.000000 1.000000 1.000000
4313.484863 0.000000 2215.961426 0.000000 0.927457 0.000000 0.373930 1.000000 1.000000 1.000000
4335.615723 0.000000 2307.247803 0.000000 0.997032 0.000000 0.076991 1.000000 1.000000 1.000000
4357.616211 0.000000 2362.647461 0.000000 0.942089 0.000000 0.335363 1.000000 1.000000 1.000000
4797.304688 0.000000 1783.231934 0.000000 0.985729 0.000000 0.168338 1.000000 1.000000 1.000000
4801.008301 0.000000 1785.265015 0.000000 0.946851 0.000000 0.321672 1.000000 1.000000 1.000000
4774.141113 0.000000 1796.093384 0.000000 0.971501 0.000000 0.237038 1.000000 1.000000 1.000000
4813.387207 0.000000 1786.929932 0.000000 0.965115 0.000000 0.261825 1.000000 1.000000 1.000000
4811.516113 0.000000 1790.539062 0.000000 0.987059 0.000000 0.160358 1.000000 1.000000 1.000000
4811.024902 0.000000 1786.310913 0.000000 0.990094 0.000000 0.140405 1.000000 1.000000 1.000000
4799.994141 0.000000 1783.984741 0.000000 0.971025 0.000000 0.238979 1.000000 1.000000 1.000000
4798.549805 0.000000 1783.517334 0.000000 0.993345 0.000000 0.115173 1.000000 1.000000 1.000000
4875.147949 0.000000 1753.760620 0.000000 0.995838 0.000000 0.091141 1.000000 1.000000 1.000000
4875.402832 0.000000 1801.987305 0.000000 0.982657 0.000000 0.185435 1.000000 1.000000 1.000000
4868.200684 0.000000 1773.296631 0.000000 0.976339 0.000000 0.216246 1.000000 1.000000 1.000000
4893.930664 0.000000 1807.868408 0.000000 0.992600 0.000000 0.121430 1.000000 1.000000 1.000000
4857.013184 0.000000 1779.705566 0.000000 0.993702 0.000000 0.112059 1.000000 1.000000 1.000000
4867.010742 0.000000 1772.837769 0.000000 0.972394 0.000000 0.233346 1.000000 1.000000 1.000000
4877.375977 0.000000 1756.921875 0.000000 0.987572 0.000000 0.157169 1.000000 1.000000 1.000000
4864.431641 0.000000 1776.858521 0.000000 0.935179 0.000000 0.354175 1.000000 1.000000 1.000000
5043.863770 0.000000 1722.536743 0.000000 0.977532 0.000000 0.210789 1.000000 1.000000 1.000000
4908.771973 0.000000 1807.815430 0.000000 0.960163 0.000000 0.279440 1.000000 1.000000 1.000000
4948.132324 0.000000 1756.948730 0.000000 0.957626 0.000000 0.288016 1.000000 1.000000 1.000000
4948.763672 0.000000 1769.426025 0.000000 0.916633 0.000000 0.399730 1.000000 1.000000 1.000000
4906.876465 0.000000 1806.595947 0.000000 0.955250 0.000000 0.295798 1.000000 1.000000 1.000000
4905.497559 0.000000 1807.679443 0.000000 0.997373 0.000000 0.072433 1.000000 1.000000 1.000000
4904.754883 0.000000 1805.031250 0.000000 0.990356 0.000000 0.138548 1.000000 1.000000 1.000000
5021.613770 0.000000 1782.865845 0.000000 0.962550 0.000000 0.271106 1.000000 1.000000 1.000000
5017.703613 0.000000 1783.662476 0.000000 0.977805 0.000000 0.209517 1.000000 1.000000 1.000000
5027.001465 0.000000 1786.310913 0.000000 0.995140 0.000000 0.098469 1.000000 1.000000 1.000000
5026.550781 0.000000 1789.329834 0.000000 0.981532 0.000000 0.191298 1.000000 1.000000 1.000000
4964.562500 0.000000 1892.475830 0.000000 0.979415 0.000000 0.201859 1.000000 1.000000 1.000000
4921.238281 0.000000 1883.932495 0.000000 0.981426 0.000000 0.191841 1.000000 1.000000 1.000000
4965.379395 0.000000 1890.245239 0.000000 0.997582 0.000000 0.069506 1.000000 1.000000 1.000000
4913.578613 0.000000 1880.803711 0.000000 0.990854 0.000000 0.134940 1.000000 1.000000 1.000000
4914.697266 0.000000 1881.369019 0.000000 0.929273 0.000000 0.369394 1.000000 1.000000 1.000000
5069.814453 0.000000 1758.572876 0.000000 0.975759 0.000000 0.218849 1.000000 1.000000 1.000000
4936.796875 0.000000 1920.093262 0.000000 0.998376 0.000000 0.056976 1.000000 1.000000 1.000000
4941.122070 0.000000 1957.306641 0.000000 0.957114 0.000000 0.289710 1.000000 1.000000 1.000000
4941.774902 0.000000 1920.172729 0.000000 0.991420 0.000000 0.130712 1.000000 1.000000 1.000000
4944.025879 0.000000 1962.927979 0.000000 0.957107 0.000000 0.289736 1.000000 1.000000 1.000000
4955.803223 0.000000 1926.836914 0.000000 0.973887 0.000000 0.227033 1.000000 1.000000 1.000000
4961.746094 0.000000 1932.322632 0.000000 0.936038 0.000000 0.351900 1.000000 1.000000 1.000000
4942.620605 0.000000 2075.087402 0.000000 0.986939 0.000000 0.161092 1.000000 1.000000 1.000000
4915.213379 0.000000 2077.984863 0.000000 0.983708 0.000000 0.179774 1.000000 1.000000 1.000000
4945.361816 0.000000 2091.144531 0.000000 0.919571 0.000000 0.392925 1.000000 1.000000 1.000000
4946.789551 0.000000 2057.459473 0.000000 0.992832 0.000000 0.119518 1.000000 1.000000 1.000000
4948.240234 0.000000 2102.552979 0.000000 0.925273 0.000000 0.379303 1.000000 1.000000 1.000000
4959.111328 0.000000 2104.946533 0.000000 0.978495 0.000000 0.206270 1.000000 1.000000 1.000000
4930.874512 0.000000 2044.359863 0.000000 0.999198 0.000000 0.040033 1.000000 1.000000 1.000000
4924.938477 0.000000 2098.551270 0.000000 0.985214 0.000000 0.171327 1.000000 1.000000 1.000000
4901.516113 0.000000 2073.170166 0.000000 0.987076 0.000000 0.160253 1.000000 1.000000 1.000000
4914.086426 0.000000 2079.512207 0.000000 0.996446 0.000000 0.084233 1.000000 1.000000 1.000000
4947.655273 0.000000 2056.642334 0.000000 0.921274 0.000000 0.388914 1.000000 1.000000 1.000000
5003.791992 0.000000 2037.989136 0.000000 0.998443 0.000000 0.055789 1.000000 1.000000 1.000000
4974.095703 0.000000 2044.906982 0.000000 0.936924 0.000000 0.349533 1.000000 1.000000 1.000000
5004.452148 0.000000 2034.233521 0.000000 0.952961 0.000000 0.303093 1.000000 1.000000 1.000000
4953.375488 0.000000 2111.695068 0.000000 0.975673 0.000000 0.219230 1.000000 1.000000 1.000000
4929.540527 0.000000 2124.321533 0.000000 0.959335 0.000000 0.282271 1.000000 1.000000 1.000000
4907.676270 0.000000 2112.158203 0.000000 0.992328 0.000000 0.123631 1.000000 1.000000 1.000000
4955.120605 0.000000 2111.806885 0.000000 0.981952 0.000000 0.189131 1.000000 1.000000 1.000000
4920.316406 0.000000 2113.563965 0.000000 0.926575 0.000000 0.376111 1.000000 1.000000 1.000000
4919.586426 0.000000 2123.220459 0.000000 0.929736 0.000000 0.368228 1.000000 1.000000 1.000000
4984.243652 0.000000 2184.101562 0.000000 0.983355 0.000000 0.181697 1.000000 1.000000 1.000000
5030.885742 0.000000 2198.518555 0.000000 0.958164 0.000000 0.286219 1.000000 1.000000 1.000000
5034.101074 0.000000 2200.432129 0.000000 0.952780 0.000000 0.303662 1.000000 1.000000 1.000000
4986.947754 0.000000 2186.139404 0.000000 0.968482 0.000000 0.249085 1.000000 1.000000 1.000000
4979.388672 0.000000 2203.550293 0.000000 0.972917 0.000000 0.231154 1.000000 1.000000 1.000000
4990.428711 0.000000 2181.913330 0.000000 0.915219 0.000000 0.402958 1.000000 1.000000 1.000000
4997.952148 0.000000 2176.197021 0.000000 0.954793 0.000000 0.297272 1.000000 1.000000 1.000000
5032.787598 0.000000 2201.698242 0.000000 0.996004 0.000000 0.089309 1.000000 1.000000 1.000000
5027.974609 0.000000 2203.933350 0.000000 0.993872 0.000000 0.110538 1.000000 1.000000 1.000000
5027.258301 0.000000 2200.693848 0.000000 0.991248 0.000000 0.132015 1.000000 1.000000 1.000000
4989.094727 0.000000 2182.719971 0.000000 0.946396 0.000000 0.323009 1.000000 1.000000 1.000000
5036.187012 0.000000 2197.718262 0.000000 0.935759 0.000000 0.352639 1.000000 1.000000 1.000000
4977.132812 0.000000 2185.057861 0.000000 0.931550 0.000000 0.363613 1.000000 1.000000 1.000000
4977.990234 0.000000 2184.122314 0.000000 0.982238 0.000000 0.187638 1.000000 1.000000 1.000000
5028.435059 0.000000 2200.230225 0.000000 0.975801 0.000000 0.218659 1.000000 1.000000 1.000000
5013.253906 0.000000 2227.493896 0.000000 0.964585 0.000000 0.263771 1.000000 1.000000 1.000000
5010.692871 0.000000 2225.542969 0.000000 0.940938 0.000000 0.338579 1.000000 1.000000 1.000000
5002.225586 0.000000 2216.036133 0.000000 0.920133 0.000000 0.391605 1.000000 1.000000 1.000000
5044.510254 0.000000 2134.266113 0.000000 0.989700 0.000000 0.143155 1.000000 1.000000 1.000000
5040.374512 0.000000 2144.563477 0.000000 0.968743 0.000000 0.248068 1.000000 1.000000 1.000000
5063.044922 0.000000 2170.114258 0.000000 0.961510 0.000000 0.274768 1.000000 1.000000 1.000000
5061.178223 0.000000 2159.577881 0.000000 0.994429 0.000000 0.105408 1.000000 1.000000 1.000000
5051.380859 0.000000 2203.550293 0.000000 0.971415 0.000000 0.237386 1.000000 1.000000 1.000000
5070.319824 0.000000 2159.696533 0.000000 0.995795 0.000000 0.091609 1.000000 1.000000 1.000000
5063.231445 0.000000 2167.247559 0.000000 0.955192 0.000000 0.295987 1.000000 1.000000 1.000000
5041.657227 0.000000 2142.344971 0.000000 0.986895 0.000000 0.161365 1.000000 1.000000 1.000000
5057.404297 0.000000 2160.303955 0.000000 0.918697 0.000000 0.394963 1.000000 1.000000 1.000000
5042.674805 0.000000 2135.525635 0.000000 0.987360 0.000000 0.158491 1.000000 1.000000 1.000000
5048.204102 0.000000 2150.390137 0.000000 0.998533 0.000000 0.054145 1.000000 1.000000 1.000000
5062.422363 0.000000 2191.801758 0.000000 0.989860 0.000000 0.142044 1.000000 1.000000 1.000000
5039.576172 0.000000 2143.156250 0.000000 0.960598 0.000000 0.277943 1.000000 1.000000 1.000000
5059.598145 0.000000 2148.407959 0.000000 0.982471 0.000000 0.186415 1.000000 1.000000 1.000000
"}
object={
	name="tree_savanna_generator_1_4"
	render_pass=Map
	clamp_to_water_level=no
	generated_content=yes
	layer="tree_high_layer"
	pdxmesh="tree_acacia_05_mesh"
	count=113
	transform="3277.644531 0.000000 2897.126709 0.000000 0.999999 0.000000 -0.001369 1.000000 1.000000 1.000000
3313.367188 0.000000 2904.830811 0.000000 0.976908 0.000000 -0.213663 1.000000 1.000000 1.000000
4209.481934 0.000000 2106.083008 0.000000 0.990128 0.000000 -0.140164 1.000000 1.000000 1.000000
4231.149902 0.000000 2145.361328 0.000000 0.995695 0.000000 -0.092690 1.000000 1.000000 1.000000
4232.841797 0.000000 2145.388428 0.000000 0.998664 0.000000 -0.051676 1.000000 1.000000 1.000000
4297.170410 0.000000 2198.514648 0.000000 0.942572 0.000000 -0.334004 1.000000 1.000000 1.000000
4285.230469 0.000000 2191.467529 0.000000 0.997841 0.000000 -0.065681 1.000000 1.000000 1.000000
4313.635742 0.000000 2277.870361 0.000000 0.999745 0.000000 -0.022580 1.000000 1.000000 1.000000
4314.220703 0.000000 2273.479492 0.000000 0.958828 0.000000 -0.283987 1.000000 1.000000 1.000000
4328.371582 0.000000 2295.791992 0.000000 0.992826 0.000000 -0.119566 1.000000 1.000000 1.000000
4316.658203 0.000000 2322.430176 0.000000 0.943916 0.000000 -0.330185 1.000000 1.000000 1.000000
4351.621094 0.000000 2348.941895 0.000000 0.983500 0.000000 -0.180907 1.000000 1.000000 1.000000
4809.320801 0.000000 1787.424316 0.000000 0.950295 0.000000 -0.311350 1.000000 1.000000 1.000000
4775.158691 0.000000 1799.779053 0.000000 0.995672 0.000000 -0.092940 1.000000 1.000000 1.000000
4798.970703 0.000000 1790.630127 0.000000 0.943875 0.000000 -0.330302 1.000000 1.000000 1.000000
4864.180176 0.000000 1772.537842 0.000000 0.953055 0.000000 -0.302797 1.000000 1.000000 1.000000
4883.701660 0.000000 1794.729126 0.000000 0.948448 0.000000 -0.316934 1.000000 1.000000 1.000000
4876.381348 0.000000 1787.754517 0.000000 0.975722 0.000000 -0.219014 1.000000 1.000000 1.000000
4885.106934 0.000000 1776.730103 0.000000 0.984122 0.000000 -0.177491 1.000000 1.000000 1.000000
4890.098145 0.000000 1778.853149 0.000000 0.999788 0.000000 0.020577 1.000000 1.000000 1.000000
4876.485840 0.000000 1782.178467 0.000000 0.999946 0.000000 -0.010349 1.000000 1.000000 1.000000
4877.568848 0.000000 1787.604492 0.000000 0.954374 0.000000 -0.298614 1.000000 1.000000 1.000000
5040.476562 0.000000 1714.848633 0.000000 0.993757 0.000000 -0.111569 1.000000 1.000000 1.000000
4905.985352 0.000000 1804.354248 0.000000 0.997166 0.000000 -0.075240 1.000000 1.000000 1.000000
4900.949219 0.000000 1799.959229 0.000000 0.999978 0.000000 0.006595 1.000000 1.000000 1.000000
4966.849609 0.000000 1766.971680 0.000000 0.980918 0.000000 -0.194423 1.000000 1.000000 1.000000
5010.385254 0.000000 1783.851929 0.000000 0.993907 0.000000 -0.110220 1.000000 1.000000 1.000000
5024.511719 0.000000 1762.620239 0.000000 0.998371 0.000000 -0.057057 1.000000 1.000000 1.000000
5021.940918 0.000000 1779.137939 0.000000 0.997114 0.000000 -0.075924 1.000000 1.000000 1.000000
5008.937012 0.000000 1784.662476 0.000000 0.949064 0.000000 -0.315082 1.000000 1.000000 1.000000
5026.659180 0.000000 1793.827881 0.000000 0.973193 0.000000 -0.229991 1.000000 1.000000 1.000000
4954.386719 0.000000 1908.500732 0.000000 0.964414 0.000000 -0.264396 1.000000 1.000000 1.000000
4967.004883 0.000000 1891.518066 0.000000 0.999328 0.000000 -0.036643 1.000000 1.000000 1.000000
4956.937988 0.000000 1908.612183 0.000000 0.972640 0.000000 -0.232317 1.000000 1.000000 1.000000
4944.504395 0.000000 1905.907715 0.000000 0.958502 0.000000 -0.285087 1.000000 1.000000 1.000000
4930.962891 0.000000 1893.243652 0.000000 0.999488 0.000000 0.032009 1.000000 1.000000 1.000000
4957.367188 0.000000 1910.159912 0.000000 0.973029 0.000000 -0.230682 1.000000 1.000000 1.000000
4918.098145 0.000000 1883.594849 0.000000 0.962187 0.000000 -0.272389 1.000000 1.000000 1.000000
4967.492188 0.000000 1891.502563 0.000000 0.946996 0.000000 -0.321246 1.000000 1.000000 1.000000
4962.442383 0.000000 1947.178467 0.000000 0.986912 0.000000 -0.161260 1.000000 1.000000 1.000000
4964.587891 0.000000 1938.492554 0.000000 0.996195 0.000000 -0.087149 1.000000 1.000000 1.000000
4949.259766 0.000000 1935.967163 0.000000 0.984986 0.000000 -0.172635 1.000000 1.000000 1.000000
4942.001465 0.000000 1965.212891 0.000000 0.986386 0.000000 -0.164444 1.000000 1.000000 1.000000
4939.634766 0.000000 1956.819214 0.000000 0.961300 0.000000 -0.275502 1.000000 1.000000 1.000000
4938.337402 0.000000 1988.710938 0.000000 0.998534 0.000000 -0.054125 1.000000 1.000000 1.000000
4957.565430 0.000000 1929.864014 0.000000 0.999944 0.000000 -0.010552 1.000000 1.000000 1.000000
4939.270508 0.000000 1922.485352 0.000000 0.994196 0.000000 -0.107589 1.000000 1.000000 1.000000
4953.651367 0.000000 1934.304932 0.000000 0.970304 0.000000 -0.241888 1.000000 1.000000 1.000000
4958.528320 0.000000 1931.372559 0.000000 0.999966 0.000000 0.008252 1.000000 1.000000 1.000000
4969.424316 0.000000 1947.575684 0.000000 0.972281 0.000000 -0.233817 1.000000 1.000000 1.000000
4967.924805 0.000000 1947.994141 0.000000 0.977962 0.000000 -0.208783 1.000000 1.000000 1.000000
4974.022461 0.000000 1950.314087 0.000000 0.981222 0.000000 -0.192880 1.000000 1.000000 1.000000
4962.067383 0.000000 2057.033447 0.000000 0.968467 0.000000 -0.249143 1.000000 1.000000 1.000000
4941.122070 0.000000 2053.291016 0.000000 0.998462 0.000000 -0.055445 1.000000 1.000000 1.000000
4926.952637 0.000000 2070.646484 0.000000 0.941370 0.000000 -0.337377 1.000000 1.000000 1.000000
4929.842285 0.000000 2069.124023 0.000000 0.999353 0.000000 0.035964 1.000000 1.000000 1.000000
4901.140625 0.000000 2086.077148 0.000000 0.998044 0.000000 -0.062515 1.000000 1.000000 1.000000
4948.373535 0.000000 2075.707764 0.000000 0.999345 0.000000 0.036181 1.000000 1.000000 1.000000
4928.838867 0.000000 2070.849121 0.000000 0.944629 0.000000 -0.328139 1.000000 1.000000 1.000000
4958.292480 0.000000 2040.182129 0.000000 0.941572 0.000000 -0.336812 1.000000 1.000000 1.000000
4950.113281 0.000000 2109.416504 0.000000 0.975497 0.000000 -0.220012 1.000000 1.000000 1.000000
4913.284668 0.000000 2077.822021 0.000000 0.997074 0.000000 -0.076446 1.000000 1.000000 1.000000
4895.479980 0.000000 2063.785156 0.000000 0.980212 0.000000 -0.197950 1.000000 1.000000 1.000000
4949.563477 0.000000 2073.402344 0.000000 0.949949 0.000000 -0.312404 1.000000 1.000000 1.000000
4952.598633 0.000000 2108.372803 0.000000 0.996660 0.000000 -0.081658 1.000000 1.000000 1.000000
4922.350098 0.000000 2098.536377 0.000000 0.999630 0.000000 0.027192 1.000000 1.000000 1.000000
4925.171875 0.000000 2100.161377 0.000000 0.975506 0.000000 -0.219975 1.000000 1.000000 1.000000
4945.083008 0.000000 2077.100098 0.000000 0.955948 0.000000 -0.293538 1.000000 1.000000 1.000000
5000.727539 0.000000 2034.088013 0.000000 0.945836 0.000000 -0.324645 1.000000 1.000000 1.000000
5001.606934 0.000000 2036.423828 0.000000 0.997591 0.000000 -0.069365 1.000000 1.000000 1.000000
4924.366211 0.000000 2134.570557 0.000000 0.975088 0.000000 -0.221817 1.000000 1.000000 1.000000
4907.873047 0.000000 2113.743652 0.000000 0.999952 0.000000 -0.009787 1.000000 1.000000 1.000000
5026.378906 0.000000 2196.453857 0.000000 0.947820 0.000000 -0.318805 1.000000 1.000000 1.000000
4975.574707 0.000000 2194.661865 0.000000 0.952149 0.000000 -0.305636 1.000000 1.000000 1.000000
4980.780273 0.000000 2178.245850 0.000000 0.999603 0.000000 0.028176 1.000000 1.000000 1.000000
4976.187012 0.000000 2173.779053 0.000000 0.989439 0.000000 -0.144951 1.000000 1.000000 1.000000
5015.439453 0.000000 2188.955566 0.000000 0.999852 0.000000 0.017200 1.000000 1.000000 1.000000
4988.723633 0.000000 2184.292236 0.000000 0.986060 0.000000 -0.166388 1.000000 1.000000 1.000000
4973.439941 0.000000 2193.402344 0.000000 0.986259 0.000000 -0.165205 1.000000 1.000000 1.000000
4979.503906 0.000000 2201.228760 0.000000 0.998020 0.000000 -0.062890 1.000000 1.000000 1.000000
4995.074219 0.000000 2176.229248 0.000000 0.964074 0.000000 -0.265636 1.000000 1.000000 1.000000
4995.383789 0.000000 2179.119629 0.000000 0.999466 0.000000 0.032673 1.000000 1.000000 1.000000
5025.725586 0.000000 2194.792236 0.000000 0.980529 0.000000 -0.196375 1.000000 1.000000 1.000000
5038.300781 0.000000 2197.312012 0.000000 0.999897 0.000000 0.014332 1.000000 1.000000 1.000000
5011.156738 0.000000 2235.164307 0.000000 0.995508 0.000000 -0.094675 1.000000 1.000000 1.000000
5016.062988 0.000000 2228.068359 0.000000 0.971240 0.000000 -0.238104 1.000000 1.000000 1.000000
5010.493164 0.000000 2223.080566 0.000000 0.956888 0.000000 -0.290456 1.000000 1.000000 1.000000
4994.592285 0.000000 2223.275391 0.000000 0.962339 0.000000 -0.271851 1.000000 1.000000 1.000000
4999.060059 0.000000 2230.779785 0.000000 0.987396 0.000000 -0.158271 1.000000 1.000000 1.000000
5008.451172 0.000000 2247.873779 0.000000 0.991787 0.000000 -0.127899 1.000000 1.000000 1.000000
5003.390625 0.000000 2246.736084 0.000000 0.954064 0.000000 -0.299602 1.000000 1.000000 1.000000
5008.750977 0.000000 2223.184082 0.000000 0.994639 0.000000 -0.103406 1.000000 1.000000 1.000000
5009.093750 0.000000 2249.061279 0.000000 0.991131 0.000000 -0.132888 1.000000 1.000000 1.000000
5059.197754 0.000000 2173.969482 0.000000 0.995612 0.000000 -0.093580 1.000000 1.000000 1.000000
5062.192871 0.000000 2156.047119 0.000000 0.954766 0.000000 -0.297359 1.000000 1.000000 1.000000
5065.808594 0.000000 2160.501221 0.000000 0.986166 0.000000 -0.165758 1.000000 1.000000 1.000000
5039.537109 0.000000 2197.647217 0.000000 0.977328 0.000000 -0.211733 1.000000 1.000000 1.000000
5060.062012 0.000000 2181.594727 0.000000 0.999938 0.000000 -0.011161 1.000000 1.000000 1.000000
5061.838379 0.000000 2177.470947 0.000000 0.958168 0.000000 -0.286205 1.000000 1.000000 1.000000
5064.255371 0.000000 2204.053955 0.000000 0.948897 0.000000 -0.315586 1.000000 1.000000 1.000000
5068.870117 0.000000 2162.921143 0.000000 0.999704 0.000000 -0.024309 1.000000 1.000000 1.000000
5062.383301 0.000000 2173.460693 0.000000 0.999485 0.000000 0.032084 1.000000 1.000000 1.000000
5060.215332 0.000000 2164.021973 0.000000 0.993655 0.000000 -0.112469 1.000000 1.000000 1.000000
5051.496094 0.000000 2201.228760 0.000000 0.999928 0.000000 -0.011991 1.000000 1.000000 1.000000
5068.275391 0.000000 2160.711182 0.000000 0.999976 0.000000 0.006869 1.000000 1.000000 1.000000
5049.981445 0.000000 2153.566895 0.000000 0.997687 0.000000 -0.067978 1.000000 1.000000 1.000000
5060.382812 0.000000 2161.704590 0.000000 0.994468 0.000000 -0.105043 1.000000 1.000000 1.000000
5060.750488 0.000000 2172.047363 0.000000 0.994783 0.000000 -0.102017 1.000000 1.000000 1.000000
5063.644043 0.000000 2190.509277 0.000000 0.964576 0.000000 -0.263804 1.000000 1.000000 1.000000
5058.395508 0.000000 2196.201660 0.000000 0.998941 0.000000 -0.046015 1.000000 1.000000 1.000000
5069.495117 0.000000 2158.113281 0.000000 0.984388 0.000000 -0.176011 1.000000 1.000000 1.000000
5069.998047 0.000000 2152.823975 0.000000 0.990194 0.000000 -0.139702 1.000000 1.000000 1.000000
5057.694336 0.000000 2212.186768 0.000000 0.998898 0.000000 -0.046937 1.000000 1.000000 1.000000
"}
object={
	name="tree_savanna_generator_1_5"
	render_pass=Map
	clamp_to_water_level=no
	generated_content=yes
	layer="tree_high_layer"
	pdxmesh="tree_acacia_06_mesh"
	count=98
	transform="3276.745605 0.000000 2899.417480 0.000000 0.827186 0.000000 -0.561928 1.000000 1.000000 1.000000
3275.156982 0.000000 2896.437988 0.000000 0.794833 0.000000 -0.606828 1.000000 1.000000 1.000000
3314.926025 0.000000 2907.546875 0.000000 0.905148 0.000000 -0.425096 1.000000 1.000000 1.000000
3312.946533 0.000000 2906.246582 0.000000 0.911445 0.000000 -0.411421 1.000000 1.000000 1.000000
4235.212891 0.000000 2151.491455 0.000000 0.800443 0.000000 -0.599408 1.000000 1.000000 1.000000
4180.759766 0.000000 2144.968750 0.000000 0.895962 0.000000 -0.444131 1.000000 1.000000 1.000000
4296.007324 0.000000 2199.973633 0.000000 0.854769 0.000000 -0.519008 1.000000 1.000000 1.000000
4289.244141 0.000000 2187.147949 0.000000 0.857420 0.000000 -0.514617 1.000000 1.000000 1.000000
4306.168457 0.000000 2217.522949 0.000000 0.831129 0.000000 -0.556079 1.000000 1.000000 1.000000
4298.785645 0.000000 2229.674316 0.000000 0.866865 0.000000 -0.498543 1.000000 1.000000 1.000000
4305.835938 0.000000 2245.193848 0.000000 0.895289 0.000000 -0.445486 1.000000 1.000000 1.000000
4314.451660 0.000000 2271.653320 0.000000 0.910380 0.000000 -0.413772 1.000000 1.000000 1.000000
4312.537598 0.000000 2271.774902 0.000000 0.864967 0.000000 -0.501829 1.000000 1.000000 1.000000
4319.740723 0.000000 2243.779541 0.000000 0.813371 0.000000 -0.581746 1.000000 1.000000 1.000000
4316.027832 0.000000 2324.834229 0.000000 0.809587 0.000000 -0.587000 1.000000 1.000000 1.000000
4317.437012 0.000000 2323.800537 0.000000 0.921135 0.000000 -0.389243 1.000000 1.000000 1.000000
4332.383301 0.000000 2314.901367 0.000000 0.859448 0.000000 -0.511223 1.000000 1.000000 1.000000
4354.537109 0.000000 2354.874268 0.000000 0.894195 0.000000 -0.447677 1.000000 1.000000 1.000000
4359.468750 0.000000 2365.209961 0.000000 0.911674 0.000000 -0.410914 1.000000 1.000000 1.000000
4359.311523 0.000000 2363.368896 0.000000 0.794519 0.000000 -0.607239 1.000000 1.000000 1.000000
4811.402832 0.000000 1792.623413 0.000000 0.920580 0.000000 -0.390555 1.000000 1.000000 1.000000
4812.784180 0.000000 1791.646851 0.000000 0.922756 0.000000 -0.385385 1.000000 1.000000 1.000000
4810.261230 0.000000 1791.616821 0.000000 0.881248 0.000000 -0.472653 1.000000 1.000000 1.000000
4802.889160 0.000000 1784.575684 0.000000 0.907608 0.000000 -0.419819 1.000000 1.000000 1.000000
4817.438965 0.000000 1792.535278 0.000000 0.913573 0.000000 -0.406674 1.000000 1.000000 1.000000
4876.080566 0.000000 1759.210083 0.000000 0.938290 0.000000 -0.345850 1.000000 1.000000 1.000000
4879.389648 0.000000 1781.143433 0.000000 0.754687 0.000000 -0.656085 1.000000 1.000000 1.000000
4880.107910 0.000000 1786.023315 0.000000 0.918984 0.000000 -0.394296 1.000000 1.000000 1.000000
4877.523926 0.000000 1758.313110 0.000000 0.918594 0.000000 -0.395202 1.000000 1.000000 1.000000
4875.838379 0.000000 1800.742432 0.000000 0.856846 0.000000 -0.515572 1.000000 1.000000 1.000000
5043.068359 0.000000 1723.948730 0.000000 0.925383 0.000000 -0.379034 1.000000 1.000000 1.000000
4901.013184 0.000000 1805.197876 0.000000 0.894972 0.000000 -0.446122 1.000000 1.000000 1.000000
5025.297363 0.000000 1787.424316 0.000000 0.785709 0.000000 -0.618596 1.000000 1.000000 1.000000
5022.997559 0.000000 1765.234375 0.000000 0.852112 0.000000 -0.523359 1.000000 1.000000 1.000000
5026.227051 0.000000 1796.586060 0.000000 0.932907 0.000000 -0.360117 1.000000 1.000000 1.000000
5022.926270 0.000000 1782.520630 0.000000 0.784478 0.000000 -0.620156 1.000000 1.000000 1.000000
4964.733398 0.000000 1888.173218 0.000000 0.859466 0.000000 -0.511192 1.000000 1.000000 1.000000
4947.043457 0.000000 1917.162354 0.000000 0.754624 0.000000 -0.656157 1.000000 1.000000 1.000000
4960.399902 0.000000 1898.760742 0.000000 0.878786 0.000000 -0.477215 1.000000 1.000000 1.000000
4967.656250 0.000000 1889.033081 0.000000 0.746561 0.000000 -0.665317 1.000000 1.000000 1.000000
5054.860352 0.000000 1735.326782 0.000000 0.932195 0.000000 -0.361957 1.000000 1.000000 1.000000
4944.238281 0.000000 1974.413574 0.000000 0.915381 0.000000 -0.402588 1.000000 1.000000 1.000000
4963.957520 0.000000 1940.896606 0.000000 0.924289 0.000000 -0.381694 1.000000 1.000000 1.000000
4938.503418 0.000000 1970.201416 0.000000 0.854465 0.000000 -0.519508 1.000000 1.000000 1.000000
4952.369141 0.000000 1934.290283 0.000000 0.936202 0.000000 -0.351463 1.000000 1.000000 1.000000
4947.838379 0.000000 1962.999023 0.000000 0.925101 0.000000 -0.379722 1.000000 1.000000 1.000000
4959.847656 0.000000 1938.913818 0.000000 0.847846 0.000000 -0.530243 1.000000 1.000000 1.000000
4939.673340 0.000000 1974.592041 0.000000 0.905433 0.000000 -0.424490 1.000000 1.000000 1.000000
4942.624023 0.000000 1974.221802 0.000000 0.803002 0.000000 -0.595976 1.000000 1.000000 1.000000
4939.697266 0.000000 1971.446289 0.000000 0.923920 0.000000 -0.382586 1.000000 1.000000 1.000000
4956.739258 0.000000 2105.720947 0.000000 0.883584 0.000000 -0.468273 1.000000 1.000000 1.000000
4909.489258 0.000000 2079.704346 0.000000 0.910475 0.000000 -0.413563 1.000000 1.000000 1.000000
4940.748047 0.000000 2026.505615 0.000000 0.883775 0.000000 -0.467912 1.000000 1.000000 1.000000
4916.752441 0.000000 2079.569092 0.000000 0.877498 0.000000 -0.479581 1.000000 1.000000 1.000000
4958.225098 0.000000 2106.878174 0.000000 0.782310 0.000000 -0.622889 1.000000 1.000000 1.000000
4934.920410 0.000000 2034.118530 0.000000 0.752478 0.000000 -0.658617 1.000000 1.000000 1.000000
4951.821289 0.000000 2103.882324 0.000000 0.754408 0.000000 -0.656406 1.000000 1.000000 1.000000
4953.935059 0.000000 2056.288330 0.000000 0.878118 0.000000 -0.478445 1.000000 1.000000 1.000000
4950.135254 0.000000 2061.691162 0.000000 0.849176 0.000000 -0.528110 1.000000 1.000000 1.000000
5001.394043 0.000000 2038.881226 0.000000 0.924690 0.000000 -0.380720 1.000000 1.000000 1.000000
4967.671387 0.000000 2057.977539 0.000000 0.757000 0.000000 -0.653415 1.000000 1.000000 1.000000
4973.543457 0.000000 2047.584595 0.000000 0.793700 0.000000 -0.608309 1.000000 1.000000 1.000000
5002.435547 0.000000 2035.108398 0.000000 0.779772 0.000000 -0.626064 1.000000 1.000000 1.000000
5006.192871 0.000000 2040.770264 0.000000 0.871389 0.000000 -0.490593 1.000000 1.000000 1.000000
4921.736328 0.000000 2113.437988 0.000000 0.815250 0.000000 -0.579109 1.000000 1.000000 1.000000
4916.493652 0.000000 2115.635742 0.000000 0.811389 0.000000 -0.584506 1.000000 1.000000 1.000000
4927.067871 0.000000 2134.795410 0.000000 0.889742 0.000000 -0.456463 1.000000 1.000000 1.000000
4913.434570 0.000000 2114.077881 0.000000 0.785151 0.000000 -0.619305 1.000000 1.000000 1.000000
4927.961914 0.000000 2123.060303 0.000000 0.892832 0.000000 -0.450390 1.000000 1.000000 1.000000
4920.780762 0.000000 2136.454590 0.000000 0.933086 0.000000 -0.359653 1.000000 1.000000 1.000000
4926.069824 0.000000 2122.920166 0.000000 0.883013 0.000000 -0.469348 1.000000 1.000000 1.000000
4978.240234 0.000000 2166.816650 0.000000 0.784864 0.000000 -0.619668 1.000000 1.000000 1.000000
5001.595215 0.000000 2179.610107 0.000000 0.820887 0.000000 -0.571091 1.000000 1.000000 1.000000
4981.020996 0.000000 2166.962402 0.000000 0.871898 0.000000 -0.489688 1.000000 1.000000 1.000000
5027.075195 0.000000 2193.690430 0.000000 0.890305 0.000000 -0.455366 1.000000 1.000000 1.000000
4981.481445 0.000000 2175.688721 0.000000 0.814429 0.000000 -0.580263 1.000000 1.000000 1.000000
5010.731934 0.000000 2188.494385 0.000000 0.932520 0.000000 -0.361117 1.000000 1.000000 1.000000
4977.898926 0.000000 2194.197998 0.000000 0.827341 0.000000 -0.561700 1.000000 1.000000 1.000000
5003.930176 0.000000 2185.240234 0.000000 0.915838 0.000000 -0.401547 1.000000 1.000000 1.000000
4974.255371 0.000000 2162.957764 0.000000 0.909771 0.000000 -0.415111 1.000000 1.000000 1.000000
5003.786621 0.000000 2182.734375 0.000000 0.845910 0.000000 -0.533326 1.000000 1.000000 1.000000
5026.467285 0.000000 2192.261230 0.000000 0.808801 0.000000 -0.588083 1.000000 1.000000 1.000000
5033.447754 0.000000 2202.943848 0.000000 0.903596 0.000000 -0.428385 1.000000 1.000000 1.000000
4988.392578 0.000000 2193.609375 0.000000 0.873619 0.000000 -0.486611 1.000000 1.000000 1.000000
5002.438965 0.000000 2188.236816 0.000000 0.841697 0.000000 -0.539950 1.000000 1.000000 1.000000
4989.868164 0.000000 2183.728760 0.000000 0.896432 0.000000 -0.443182 1.000000 1.000000 1.000000
5035.095703 0.000000 2212.606201 0.000000 0.896540 0.000000 -0.442964 1.000000 1.000000 1.000000
4996.106445 0.000000 2221.719238 0.000000 0.902835 0.000000 -0.429986 1.000000 1.000000 1.000000
5011.926758 0.000000 2224.101318 0.000000 0.781193 0.000000 -0.624290 1.000000 1.000000 1.000000
5017.583008 0.000000 2228.541260 0.000000 0.940661 0.000000 -0.339349 1.000000 1.000000 1.000000
5034.700195 0.000000 2211.118408 0.000000 0.885858 0.000000 -0.463957 1.000000 1.000000 1.000000
5056.333496 0.000000 2147.089844 0.000000 0.865432 0.000000 -0.501026 1.000000 1.000000 1.000000
5048.076660 0.000000 2152.327881 0.000000 0.778192 0.000000 -0.628027 1.000000 1.000000 1.000000
5063.479004 0.000000 2160.650635 0.000000 0.767887 0.000000 -0.640585 1.000000 1.000000 1.000000
5067.087891 0.000000 2205.367432 0.000000 0.896042 0.000000 -0.443968 1.000000 1.000000 1.000000
5055.041992 0.000000 2213.303955 0.000000 0.921647 0.000000 -0.388029 1.000000 1.000000 1.000000
5059.354980 0.000000 2207.747314 0.000000 0.925983 0.000000 -0.377566 1.000000 1.000000 1.000000
5053.762207 0.000000 2213.772217 0.000000 0.758499 0.000000 -0.651674 1.000000 1.000000 1.000000
"}
object={
	name="tree_savanna_generator_1_6"
	render_pass=Map
	clamp_to_water_level=no
	generated_content=yes
	layer="tree_high_layer"
	pdxmesh="tree_baobab_01_mesh"
	count=87
	transform="3275.424316 0.000000 2897.613770 0.000000 0.733978 0.000000 -0.679173 1.000000 1.000000 1.000000
3274.145752 0.000000 2897.549072 0.000000 0.607166 0.000000 -0.794575 1.000000 1.000000 1.000000
3311.865967 0.000000 2919.947021 0.000000 0.725146 0.000000 -0.688595 1.000000 1.000000 1.000000
3311.945068 0.000000 2916.918701 0.000000 0.467649 0.000000 -0.883914 1.000000 1.000000 1.000000
3312.692383 0.000000 2917.754639 0.000000 0.673396 0.000000 -0.739282 1.000000 1.000000 1.000000
4208.444824 0.000000 2108.338623 0.000000 0.693521 0.000000 -0.720437 1.000000 1.000000 1.000000
4207.524414 0.000000 2142.662842 0.000000 0.680527 0.000000 -0.732723 1.000000 1.000000 1.000000
4191.727539 0.000000 2137.018555 0.000000 0.697989 0.000000 -0.716109 1.000000 1.000000 1.000000
4294.666016 0.000000 2195.399414 0.000000 0.617137 0.000000 -0.786856 1.000000 1.000000 1.000000
4295.639160 0.000000 2197.529053 0.000000 0.736247 0.000000 -0.676713 1.000000 1.000000 1.000000
4291.193359 0.000000 2190.550537 0.000000 0.599973 0.000000 -0.800020 1.000000 1.000000 1.000000
4316.463379 0.000000 2244.274414 0.000000 0.473153 0.000000 -0.880980 1.000000 1.000000 1.000000
4308.370117 0.000000 2242.224121 0.000000 0.705336 0.000000 -0.708873 1.000000 1.000000 1.000000
4329.610352 0.000000 2294.872314 0.000000 0.614699 0.000000 -0.788761 1.000000 1.000000 1.000000
4333.280762 0.000000 2316.116699 0.000000 0.621693 0.000000 -0.783261 1.000000 1.000000 1.000000
4814.118652 0.000000 1775.284180 0.000000 0.701816 0.000000 -0.712358 1.000000 1.000000 1.000000
4815.464844 0.000000 1788.171265 0.000000 0.688100 0.000000 -0.725616 1.000000 1.000000 1.000000
4819.276367 0.000000 1792.894287 0.000000 0.494328 0.000000 -0.869275 1.000000 1.000000 1.000000
4782.746094 0.000000 1796.468262 0.000000 0.514687 0.000000 -0.857378 1.000000 1.000000 1.000000
4883.401855 0.000000 1788.012939 0.000000 0.604838 0.000000 -0.796349 1.000000 1.000000 1.000000
4895.074707 0.000000 1775.706177 0.000000 0.696112 0.000000 -0.717933 1.000000 1.000000 1.000000
4867.988770 0.000000 1770.101074 0.000000 0.509524 0.000000 -0.860456 1.000000 1.000000 1.000000
4877.111328 0.000000 1754.179565 0.000000 0.590325 0.000000 -0.807165 1.000000 1.000000 1.000000
4860.827148 0.000000 1775.422485 0.000000 0.701391 0.000000 -0.712777 1.000000 1.000000 1.000000
4890.477539 0.000000 1807.396973 0.000000 0.706843 0.000000 -0.707371 1.000000 1.000000 1.000000
4882.566406 0.000000 1789.329834 0.000000 0.690488 0.000000 -0.723343 1.000000 1.000000 1.000000
4882.242676 0.000000 1796.586060 0.000000 0.488102 0.000000 -0.872786 1.000000 1.000000 1.000000
4880.791992 0.000000 1781.124268 0.000000 0.560840 0.000000 -0.827924 1.000000 1.000000 1.000000
4891.890625 0.000000 1807.566650 0.000000 0.723563 0.000000 -0.690259 1.000000 1.000000 1.000000
4857.730957 0.000000 1778.315430 0.000000 0.621379 0.000000 -0.783510 1.000000 1.000000 1.000000
4951.413574 0.000000 1769.654785 0.000000 0.648397 0.000000 -0.761302 1.000000 1.000000 1.000000
5025.864746 0.000000 1774.916870 0.000000 0.608947 0.000000 -0.793211 1.000000 1.000000 1.000000
5023.450684 0.000000 1776.193481 0.000000 0.623092 0.000000 -0.782148 1.000000 1.000000 1.000000
5022.194824 0.000000 1777.376099 0.000000 0.746506 0.000000 -0.665379 1.000000 1.000000 1.000000
4953.384766 0.000000 1886.334595 0.000000 0.470443 0.000000 -0.882431 1.000000 1.000000 1.000000
4951.334473 0.000000 1886.918091 0.000000 0.635838 0.000000 -0.771823 1.000000 1.000000 1.000000
4961.438477 0.000000 1904.942993 0.000000 0.738796 0.000000 -0.673930 1.000000 1.000000 1.000000
4936.228027 0.000000 1973.237549 0.000000 0.556433 0.000000 -0.830893 1.000000 1.000000 1.000000
4941.289062 0.000000 1975.200684 0.000000 0.743896 0.000000 -0.668295 1.000000 1.000000 1.000000
4936.889648 0.000000 1971.429565 0.000000 0.543918 0.000000 -0.839138 1.000000 1.000000 1.000000
4943.978516 0.000000 1975.953491 0.000000 0.633177 0.000000 -0.774007 1.000000 1.000000 1.000000
4975.593262 0.000000 1950.885376 0.000000 0.642234 0.000000 -0.766509 1.000000 1.000000 1.000000
4948.430176 0.000000 2105.023926 0.000000 0.743586 0.000000 -0.668640 1.000000 1.000000 1.000000
4954.285645 0.000000 2108.956543 0.000000 0.524299 0.000000 -0.851534 1.000000 1.000000 1.000000
4901.854980 0.000000 2071.401123 0.000000 0.609997 0.000000 -0.792404 1.000000 1.000000 1.000000
4955.690918 0.000000 2110.816895 0.000000 0.545353 0.000000 -0.838206 1.000000 1.000000 1.000000
4943.900879 0.000000 2085.685303 0.000000 0.615473 0.000000 -0.788158 1.000000 1.000000 1.000000
4955.138672 0.000000 2039.368164 0.000000 0.612019 0.000000 -0.790843 1.000000 1.000000 1.000000
4924.797852 0.000000 2101.648193 0.000000 0.654973 0.000000 -0.755652 1.000000 1.000000 1.000000
4944.447754 0.000000 2075.195801 0.000000 0.604410 0.000000 -0.796673 1.000000 1.000000 1.000000
4950.661133 0.000000 2060.613770 0.000000 0.483249 0.000000 -0.875483 1.000000 1.000000 1.000000
4934.620605 0.000000 2037.861084 0.000000 0.524244 0.000000 -0.851568 1.000000 1.000000 1.000000
5007.637695 0.000000 2040.474854 0.000000 0.652040 0.000000 -0.758184 1.000000 1.000000 1.000000
4923.225098 0.000000 2139.230225 0.000000 0.729062 0.000000 -0.684448 1.000000 1.000000 1.000000
4915.037598 0.000000 2114.685059 0.000000 0.492672 0.000000 -0.870215 1.000000 1.000000 1.000000
4906.354980 0.000000 2112.367188 0.000000 0.731553 0.000000 -0.681785 1.000000 1.000000 1.000000
4987.438965 0.000000 2192.329834 0.000000 0.688017 0.000000 -0.725694 1.000000 1.000000 1.000000
5037.412109 0.000000 2198.921631 0.000000 0.457266 0.000000 -0.889330 1.000000 1.000000 1.000000
5025.259277 0.000000 2200.719482 0.000000 0.609884 0.000000 -0.792491 1.000000 1.000000 1.000000
5028.731445 0.000000 2201.705322 0.000000 0.641083 0.000000 -0.767471 1.000000 1.000000 1.000000
5005.533691 0.000000 2188.876465 0.000000 0.731793 0.000000 -0.681527 1.000000 1.000000 1.000000
5036.787109 0.000000 2196.379395 0.000000 0.631106 0.000000 -0.775697 1.000000 1.000000 1.000000
4989.727539 0.000000 2193.427246 0.000000 0.534519 0.000000 -0.845156 1.000000 1.000000 1.000000
5031.103516 0.000000 2200.931152 0.000000 0.688900 0.000000 -0.724856 1.000000 1.000000 1.000000
4977.276367 0.000000 2196.046875 0.000000 0.658890 0.000000 -0.752240 1.000000 1.000000 1.000000
4979.896484 0.000000 2176.551270 0.000000 0.741583 0.000000 -0.670861 1.000000 1.000000 1.000000
5000.321289 0.000000 2180.583984 0.000000 0.734067 0.000000 -0.679077 1.000000 1.000000 1.000000
4996.497559 0.000000 2176.583496 0.000000 0.736547 0.000000 -0.676386 1.000000 1.000000 1.000000
5033.461426 0.000000 2210.223145 0.000000 0.509253 0.000000 -0.860617 1.000000 1.000000 1.000000
5002.955078 0.000000 2248.501221 0.000000 0.592786 0.000000 -0.805360 1.000000 1.000000 1.000000
4997.097656 0.000000 2223.791748 0.000000 0.709146 0.000000 -0.705061 1.000000 1.000000 1.000000
4997.628418 0.000000 2228.790771 0.000000 0.674069 0.000000 -0.738668 1.000000 1.000000 1.000000
5008.375977 0.000000 2234.153320 0.000000 0.663132 0.000000 -0.748503 1.000000 1.000000 1.000000
5059.707031 0.000000 2203.618164 0.000000 0.696326 0.000000 -0.717726 1.000000 1.000000 1.000000
5068.025391 0.000000 2153.009277 0.000000 0.638234 0.000000 -0.769842 1.000000 1.000000 1.000000
5046.998047 0.000000 2148.930664 0.000000 0.639292 0.000000 -0.768964 1.000000 1.000000 1.000000
5067.723633 0.000000 2158.329102 0.000000 0.500917 0.000000 -0.865495 1.000000 1.000000 1.000000
5058.320312 0.000000 2149.046875 0.000000 0.516785 0.000000 -0.856115 1.000000 1.000000 1.000000
5049.997559 0.000000 2150.459961 0.000000 0.697519 0.000000 -0.716567 1.000000 1.000000 1.000000
5061.789062 0.000000 2165.089355 0.000000 0.729469 0.000000 -0.684014 1.000000 1.000000 1.000000
5061.968262 0.000000 2157.884521 0.000000 0.563163 0.000000 -0.826346 1.000000 1.000000 1.000000
5058.796875 0.000000 2205.182129 0.000000 0.576056 0.000000 -0.817410 1.000000 1.000000 1.000000
5060.280762 0.000000 2177.715332 0.000000 0.664185 0.000000 -0.747568 1.000000 1.000000 1.000000
5060.568359 0.000000 2165.211182 0.000000 0.541689 0.000000 -0.840579 1.000000 1.000000 1.000000
5051.261230 0.000000 2202.330078 0.000000 0.665991 0.000000 -0.745960 1.000000 1.000000 1.000000
5055.579102 0.000000 2222.567139 0.000000 0.626105 0.000000 -0.779739 1.000000 1.000000 1.000000
5057.418945 0.000000 2210.062256 0.000000 0.721872 0.000000 -0.692027 1.000000 1.000000 1.000000
"}
object={
	name="tree_savanna_generator_1_7"
	render_pass=Map
	clamp_to_water_level=no
	generated_content=yes
	layer="tree_high_layer"
	pdxmesh="tree_baobab_02_mesh"
	count=19
	transform="3312.968750 0.000000 2914.816650 0.000000 0.381222 0.000000 -0.924483 1.000000 1.000000 1.000000
4310.598633 0.000000 2219.325684 0.000000 0.381906 0.000000 -0.924201 1.000000 1.000000 1.000000
4352.843750 0.000000 2353.878662 0.000000 0.430379 0.000000 -0.902649 1.000000 1.000000 1.000000
4965.696777 0.000000 1891.678955 0.000000 0.421714 0.000000 -0.906729 1.000000 1.000000 1.000000
4967.369141 0.000000 1947.721069 0.000000 0.441349 0.000000 -0.897336 1.000000 1.000000 1.000000
4953.677246 0.000000 2110.728516 0.000000 0.392837 0.000000 -0.919608 1.000000 1.000000 1.000000
4954.848145 0.000000 2041.207397 0.000000 0.393023 0.000000 -0.919529 1.000000 1.000000 1.000000
4978.117676 0.000000 2176.245361 0.000000 0.430374 0.000000 -0.902650 1.000000 1.000000 1.000000
4988.069824 0.000000 2181.594727 0.000000 0.427953 0.000000 -0.903801 1.000000 1.000000 1.000000
4976.395508 0.000000 2198.077881 0.000000 0.395658 0.000000 -0.918398 1.000000 1.000000 1.000000
5026.539062 0.000000 2202.635254 0.000000 0.408601 0.000000 -0.912713 1.000000 1.000000 1.000000
4976.067871 0.000000 2185.985840 0.000000 0.394519 0.000000 -0.918888 1.000000 1.000000 1.000000
4977.420410 0.000000 2186.826660 0.000000 0.424693 0.000000 -0.905338 1.000000 1.000000 1.000000
5038.690918 0.000000 2142.329834 0.000000 0.394601 0.000000 -0.918852 1.000000 1.000000 1.000000
5009.997070 0.000000 2250.247314 0.000000 0.426936 0.000000 -0.904282 1.000000 1.000000 1.000000
5002.754883 0.000000 2217.593994 0.000000 0.410959 0.000000 -0.911654 1.000000 1.000000 1.000000
5046.304199 0.000000 2150.811035 0.000000 0.422927 0.000000 -0.906164 1.000000 1.000000 1.000000
5059.021973 0.000000 2210.669434 0.000000 0.410167 0.000000 -0.912011 1.000000 1.000000 1.000000
5054.685547 0.000000 2223.993164 0.000000 0.441135 0.000000 -0.897441 1.000000 1.000000 1.000000
"}
object={
	name="tree_savanna_generator_1_8"
	render_pass=Map
	clamp_to_water_level=no
	generated_content=yes
	layer="tree_high_layer"
	pdxmesh="tree_baobab_03_mesh"
	count=53
	transform="3310.528076 0.000000 2915.505371 0.000000 0.327832 0.000000 -0.944736 1.000000 1.000000 1.000000
3313.799316 0.000000 2917.613525 0.000000 0.321523 0.000000 -0.946902 1.000000 1.000000 1.000000
4235.123047 0.000000 2148.491211 0.000000 0.341847 0.000000 -0.939756 1.000000 1.000000 1.000000
4314.618164 0.000000 2245.293457 0.000000 0.230274 0.000000 -0.973126 1.000000 1.000000 1.000000
4333.296387 0.000000 2305.146973 0.000000 0.364001 0.000000 -0.931398 1.000000 1.000000 1.000000
4358.229492 0.000000 2366.060791 0.000000 0.251418 0.000000 -0.967879 1.000000 1.000000 1.000000
4820.460938 0.000000 1784.238403 0.000000 0.292929 0.000000 -0.956134 1.000000 1.000000 1.000000
4803.356934 0.000000 1783.023071 0.000000 0.372268 0.000000 -0.928125 1.000000 1.000000 1.000000
4883.395020 0.000000 1792.623413 0.000000 0.217703 0.000000 -0.976015 1.000000 1.000000 1.000000
4862.500977 0.000000 1775.178101 0.000000 0.286416 0.000000 -0.958105 1.000000 1.000000 1.000000
4883.959473 0.000000 1815.072510 0.000000 0.305379 0.000000 -0.952231 1.000000 1.000000 1.000000
4876.350098 0.000000 1765.316528 0.000000 0.364702 0.000000 -0.931124 1.000000 1.000000 1.000000
4866.705566 0.000000 1771.608032 0.000000 0.319257 0.000000 -0.947668 1.000000 1.000000 1.000000
4889.446289 0.000000 1808.958618 0.000000 0.277943 0.000000 -0.960598 1.000000 1.000000 1.000000
4885.375000 0.000000 1814.175537 0.000000 0.361576 0.000000 -0.932343 1.000000 1.000000 1.000000
4854.468262 0.000000 1779.143311 0.000000 0.331943 0.000000 -0.943299 1.000000 1.000000 1.000000
4899.254883 0.000000 1796.772705 0.000000 0.283091 0.000000 -0.959093 1.000000 1.000000 1.000000
5029.188477 0.000000 1797.430298 0.000000 0.366255 0.000000 -0.930515 1.000000 1.000000 1.000000
5020.470215 0.000000 1782.178467 0.000000 0.322838 0.000000 -0.946454 1.000000 1.000000 1.000000
5026.790527 0.000000 1795.535278 0.000000 0.325451 0.000000 -0.945559 1.000000 1.000000 1.000000
4955.951660 0.000000 1911.056885 0.000000 0.216953 0.000000 -0.976182 1.000000 1.000000 1.000000
4926.871094 0.000000 1891.315552 0.000000 0.342516 0.000000 -0.939512 1.000000 1.000000 1.000000
4919.409668 0.000000 1883.960083 0.000000 0.361735 0.000000 -0.932281 1.000000 1.000000 1.000000
4957.625977 0.000000 1911.869873 0.000000 0.372446 0.000000 -0.928054 1.000000 1.000000 1.000000
4942.855957 0.000000 1904.896851 0.000000 0.322455 0.000000 -0.946585 1.000000 1.000000 1.000000
4933.579102 0.000000 1894.594360 0.000000 0.255691 0.000000 -0.966759 1.000000 1.000000 1.000000
5055.446289 0.000000 1737.711548 0.000000 0.275106 0.000000 -0.961414 1.000000 1.000000 1.000000
4941.386719 0.000000 1973.052368 0.000000 0.285999 0.000000 -0.958230 1.000000 1.000000 1.000000
4937.668945 0.000000 1974.220947 0.000000 0.319961 0.000000 -0.947431 1.000000 1.000000 1.000000
4942.030762 0.000000 2086.752197 0.000000 0.307030 0.000000 -0.951700 1.000000 1.000000 1.000000
4923.419922 0.000000 2099.885498 0.000000 0.362156 0.000000 -0.932118 1.000000 1.000000 1.000000
4920.117188 0.000000 2096.329346 0.000000 0.355225 0.000000 -0.934781 1.000000 1.000000 1.000000
4950.710938 0.000000 2102.629639 0.000000 0.196253 0.000000 -0.980553 1.000000 1.000000 1.000000
4922.060059 0.000000 2110.446045 0.000000 0.323385 0.000000 -0.946267 1.000000 1.000000 1.000000
4956.557617 0.000000 2040.931396 0.000000 0.234854 0.000000 -0.972031 1.000000 1.000000 1.000000
4899.195801 0.000000 2070.253906 0.000000 0.331891 0.000000 -0.943318 1.000000 1.000000 1.000000
4951.413574 0.000000 2057.607910 0.000000 0.259615 0.000000 -0.965712 1.000000 1.000000 1.000000
4922.954590 0.000000 2101.887451 0.000000 0.230139 0.000000 -0.973158 1.000000 1.000000 1.000000
4948.763672 0.000000 2057.379150 0.000000 0.337936 0.000000 -0.941169 1.000000 1.000000 1.000000
4935.768066 0.000000 2037.647461 0.000000 0.196942 0.000000 -0.980415 1.000000 1.000000 1.000000
4964.922852 0.000000 2054.001221 0.000000 0.288919 0.000000 -0.957353 1.000000 1.000000 1.000000
5009.552734 0.000000 2053.320312 0.000000 0.269570 0.000000 -0.962981 1.000000 1.000000 1.000000
4915.942383 0.000000 2113.176025 0.000000 0.345185 0.000000 -0.938535 1.000000 1.000000 1.000000
5024.703125 0.000000 2192.232910 0.000000 0.326948 0.000000 -0.945042 1.000000 1.000000 1.000000
5013.543945 0.000000 2191.500488 0.000000 0.222200 0.000000 -0.975001 1.000000 1.000000 1.000000
5019.276367 0.000000 2191.528564 0.000000 0.353170 0.000000 -0.935559 1.000000 1.000000 1.000000
5003.688965 0.000000 2188.708496 0.000000 0.325204 0.000000 -0.945644 1.000000 1.000000 1.000000
4991.553223 0.000000 2180.057617 0.000000 0.348340 0.000000 -0.937368 1.000000 1.000000 1.000000
5029.913086 0.000000 2201.328125 0.000000 0.296229 0.000000 -0.955117 1.000000 1.000000 1.000000
5003.929688 0.000000 2216.896484 0.000000 0.317586 0.000000 -0.948229 1.000000 1.000000 1.000000
5034.782715 0.000000 2208.661133 0.000000 0.260809 0.000000 -0.965391 1.000000 1.000000 1.000000
5069.484863 0.000000 2154.401611 0.000000 0.284289 0.000000 -0.958739 1.000000 1.000000 1.000000
5054.127930 0.000000 2225.757324 0.000000 0.327229 0.000000 -0.944945 1.000000 1.000000 1.000000
"}
object={
	name="tree_savanna_generator_1_9"
	render_pass=Map
	clamp_to_water_level=no
	generated_content=yes
	layer="tree_high_layer"
	pdxmesh="tree_acacia_07_mesh"
	count=53
	transform="3314.281494 0.000000 2919.772217 0.000000 0.178426 0.000000 -0.983953 1.000000 1.000000 1.000000
4193.333496 0.000000 2137.531006 0.000000 0.013860 0.000000 -0.999904 1.000000 1.000000 1.000000
4234.986328 0.000000 2149.930664 0.000000 0.065828 0.000000 -0.997831 1.000000 1.000000 1.000000
4351.506836 0.000000 2347.121338 0.000000 0.181875 0.000000 -0.983322 1.000000 1.000000 1.000000
4799.527344 0.000000 1781.359253 0.000000 0.173190 0.000000 -0.984888 1.000000 1.000000 1.000000
4891.364746 0.000000 1808.726440 0.000000 0.187429 0.000000 -0.982278 1.000000 1.000000 1.000000
4885.141602 0.000000 1778.621948 0.000000 0.159867 0.000000 -0.987139 1.000000 1.000000 1.000000
4877.571289 0.000000 1785.449097 0.000000 0.007435 0.000000 -0.999972 1.000000 1.000000 1.000000
4883.947754 0.000000 1796.354614 0.000000 0.129079 0.000000 -0.991634 1.000000 1.000000 1.000000
4886.942383 0.000000 1776.309448 0.000000 0.112221 0.000000 -0.993683 1.000000 1.000000 1.000000
4855.852051 0.000000 1778.919922 0.000000 0.178208 0.000000 -0.983993 1.000000 1.000000 1.000000
5042.172363 0.000000 1721.689209 0.000000 0.000692 0.000000 -1.000000 1.000000 1.000000 1.000000
5025.757812 0.000000 1765.271851 0.000000 0.078971 0.000000 -0.996877 1.000000 1.000000 1.000000
5010.967773 0.000000 1785.080566 0.000000 0.145217 0.000000 -0.989400 1.000000 1.000000 1.000000
4951.646484 0.000000 1884.952637 0.000000 0.055424 0.000000 -0.998463 1.000000 1.000000 1.000000
4948.493164 0.000000 1891.765137 0.000000 0.036679 0.000000 -0.999327 1.000000 1.000000 1.000000
4943.398926 0.000000 1908.370361 0.000000 0.088336 0.000000 -0.996091 1.000000 1.000000 1.000000
4895.074707 0.000000 2063.659180 0.000000 0.017715 0.000000 -0.999843 1.000000 1.000000 1.000000
4937.913086 0.000000 1923.275024 0.000000 0.091926 0.000000 -0.995766 1.000000 1.000000 1.000000
4959.726074 0.000000 1928.343506 0.000000 0.039313 0.000000 -0.999227 1.000000 1.000000 1.000000
4964.140137 0.000000 1947.799683 0.000000 0.017106 0.000000 -0.999854 1.000000 1.000000 1.000000
4943.974609 0.000000 1961.451294 0.000000 0.014362 0.000000 -0.999897 1.000000 1.000000 1.000000
4953.942383 0.000000 2057.750488 0.000000 0.163367 0.000000 -0.986565 1.000000 1.000000 1.000000
4930.656738 0.000000 2046.503418 0.000000 0.019576 0.000000 -0.999808 1.000000 1.000000 1.000000
4922.986816 0.000000 2097.000977 0.000000 0.169595 0.000000 -0.985514 1.000000 1.000000 1.000000
4919.818359 0.000000 2062.439941 0.000000 0.171119 0.000000 -0.985250 1.000000 1.000000 1.000000
4943.924805 0.000000 2053.210693 0.000000 0.161208 0.000000 -0.986920 1.000000 1.000000 1.000000
4933.613281 0.000000 2037.293823 0.000000 0.132266 0.000000 -0.991214 1.000000 1.000000 1.000000
4949.443848 0.000000 2106.539062 0.000000 0.012461 0.000000 -0.999922 1.000000 1.000000 1.000000
4962.090332 0.000000 2066.806152 0.000000 0.185708 0.000000 -0.982605 1.000000 1.000000 1.000000
4950.071289 0.000000 2057.562988 0.000000 0.190224 0.000000 -0.981741 1.000000 1.000000 1.000000
4949.572754 0.000000 2105.297119 0.000000 0.036493 0.000000 -0.999334 1.000000 1.000000 1.000000
4973.623535 0.000000 2042.597046 0.000000 0.118345 0.000000 -0.992973 1.000000 1.000000 1.000000
4923.378906 0.000000 2111.671143 0.000000 0.142150 0.000000 -0.989845 1.000000 1.000000 1.000000
4922.894043 0.000000 2137.158447 0.000000 0.032323 0.000000 -0.999478 1.000000 1.000000 1.000000
5002.203613 0.000000 2189.828857 0.000000 0.119250 0.000000 -0.992864 1.000000 1.000000 1.000000
4991.135254 0.000000 2183.716797 0.000000 0.154619 0.000000 -0.987974 1.000000 1.000000 1.000000
5001.313477 0.000000 2181.995850 0.000000 0.037129 0.000000 -0.999310 1.000000 1.000000 1.000000
5019.621582 0.000000 2188.174072 0.000000 0.040935 0.000000 -0.999162 1.000000 1.000000 1.000000
5035.485352 0.000000 2199.033691 0.000000 0.137620 0.000000 -0.990485 1.000000 1.000000 1.000000
4977.877441 0.000000 2174.538574 0.000000 0.164755 0.000000 -0.986335 1.000000 1.000000 1.000000
5034.156250 0.000000 2198.724365 0.000000 0.154372 0.000000 -0.988013 1.000000 1.000000 1.000000
5002.439941 0.000000 2233.713623 0.000000 0.135248 0.000000 -0.990812 1.000000 1.000000 1.000000
4998.874023 0.000000 2220.556641 0.000000 0.132780 0.000000 -0.991146 1.000000 1.000000 1.000000
5016.568359 0.000000 2229.942871 0.000000 0.157985 0.000000 -0.987442 1.000000 1.000000 1.000000
5015.221191 0.000000 2229.375244 0.000000 0.030510 0.000000 -0.999534 1.000000 1.000000 1.000000
5009.253906 0.000000 2251.573242 0.000000 0.156517 0.000000 -0.987675 1.000000 1.000000 1.000000
5043.015137 0.000000 2137.325928 0.000000 0.095649 0.000000 -0.995415 1.000000 1.000000 1.000000
5072.821777 0.000000 2158.454102 0.000000 0.024733 0.000000 -0.999694 1.000000 1.000000 1.000000
5061.115234 0.000000 2194.758057 0.000000 0.163017 0.000000 -0.986623 1.000000 1.000000 1.000000
5068.214844 0.000000 2213.642822 0.000000 0.185514 0.000000 -0.982642 1.000000 1.000000 1.000000
5052.320312 0.000000 2213.533447 0.000000 0.082547 0.000000 -0.996587 1.000000 1.000000 1.000000
5052.316406 0.000000 2212.026611 0.000000 0.029933 0.000000 -0.999552 1.000000 1.000000 1.000000
"}
