object={
	name="tree_leaf_yellow_cluster_generator_1_0"
	render_pass=Map
	clamp_to_water_level=no
	generated_content=yes
	layer="tree_high_layer"
	pdxmesh="tree_leaf_yellow_01_cluster_a_mesh"
	count=23
	transform="1067.841431 0.000000 2737.154785 0.000000 0.298813 0.000000 -0.954312 1.000000 1.000000 1.000000
1078.037354 0.000000 2748.047607 0.000000 0.901020 0.000000 -0.433778 1.000000 1.000000 1.000000
1065.727173 0.000000 2747.268066 0.000000 0.993621 0.000000 0.112773 1.000000 1.000000 1.000000
1061.189087 0.000000 2766.326172 0.000000 0.332910 0.000000 0.942959 1.000000 1.000000 1.000000
1076.264771 0.000000 2761.003418 0.000000 0.290175 0.000000 -0.956974 1.000000 1.000000 1.000000
1075.658691 0.000000 2739.901611 0.000000 0.466797 0.000000 0.884364 1.000000 1.000000 1.000000
1047.265625 0.000000 2761.538818 0.000000 0.520242 0.000000 0.854019 1.000000 1.000000 1.000000
1061.318726 0.000000 2740.587646 0.000000 0.995396 0.000000 0.095845 1.000000 1.000000 1.000000
1081.849121 0.000000 2744.633789 0.000000 0.330262 0.000000 0.943889 1.000000 1.000000 1.000000
4961.826172 0.000000 1906.594360 0.000000 0.828759 0.000000 -0.559606 1.000000 1.000000 1.000000
4959.945312 0.000000 1915.392090 0.000000 0.729569 0.000000 0.683907 1.000000 1.000000 1.000000
4954.386719 0.000000 1908.500732 0.000000 0.964414 0.000000 -0.264396 1.000000 1.000000 1.000000
4951.785645 0.000000 1939.750122 0.000000 0.378303 0.000000 -0.925682 1.000000 1.000000 1.000000
4961.826172 0.000000 2002.578735 0.000000 0.999800 0.000000 -0.019983 1.000000 1.000000 1.000000
4962.761230 0.000000 1936.658325 0.000000 0.981283 0.000000 0.192573 1.000000 1.000000 1.000000
4946.436035 0.000000 1964.412964 0.000000 0.943047 0.000000 -0.332660 1.000000 1.000000 1.000000
4941.125000 0.000000 1970.876953 0.000000 0.528785 0.000000 0.848756 1.000000 1.000000 1.000000
4935.593750 0.000000 1982.722778 0.000000 0.739021 0.000000 0.673682 1.000000 1.000000 1.000000
4941.161133 0.000000 1984.834229 0.000000 0.988271 0.000000 0.152707 1.000000 1.000000 1.000000
4966.908691 0.000000 1940.231323 0.000000 0.889729 0.000000 -0.456489 1.000000 1.000000 1.000000
4967.512695 0.000000 1999.868408 0.000000 0.064640 0.000000 -0.997909 1.000000 1.000000 1.000000
4974.429688 0.000000 1992.902832 0.000000 0.143099 0.000000 -0.989708 1.000000 1.000000 1.000000
4979.370605 0.000000 1989.646240 0.000000 0.583580 0.000000 0.812056 1.000000 1.000000 1.000000
"}
