object={
	name="tree_cedar_generator_1_0"
	render_pass=Map
	clamp_to_water_level=no
	generated_content=yes
	layer="tree_high_layer"
	pdxmesh="tree_cedar_01_mesh"
	count=51
	transform="4510.667480 0.000000 1691.149902 0.000000 0.928958 0.000000 -0.370185 1.000000 1.000000 1.000000
4523.434082 0.000000 1696.639038 0.000000 0.821149 0.000000 0.570714 1.000000 1.000000 1.000000
4512.198730 0.000000 1711.587769 0.000000 0.987191 0.000000 0.159544 1.000000 1.000000 1.000000
4514.041992 0.000000 1701.628784 0.000000 0.930566 0.000000 -0.366125 1.000000 1.000000 1.000000
4508.104492 0.000000 1722.661255 0.000000 0.863399 0.000000 0.504521 1.000000 1.000000 1.000000
4525.255859 0.000000 1693.168091 0.000000 0.910715 0.000000 -0.413036 1.000000 1.000000 1.000000
4529.320801 0.000000 1708.122803 0.000000 0.902204 0.000000 0.431310 1.000000 1.000000 1.000000
4530.155762 0.000000 1720.510132 0.000000 0.064449 0.000000 0.997921 1.000000 1.000000 1.000000
4528.762695 0.000000 1711.403809 0.000000 0.101515 0.000000 0.994834 1.000000 1.000000 1.000000
4514.911133 0.000000 1713.414307 0.000000 0.855721 0.000000 0.517437 1.000000 1.000000 1.000000
4514.336426 0.000000 1710.002319 0.000000 0.008938 0.000000 0.999960 1.000000 1.000000 1.000000
4512.551270 0.000000 1713.938965 0.000000 0.743924 0.000000 0.668265 1.000000 1.000000 1.000000
4515.163574 0.000000 1703.633911 0.000000 0.321299 0.000000 0.946978 1.000000 1.000000 1.000000
4510.845215 0.000000 1688.918457 0.000000 0.995018 0.000000 0.099692 1.000000 1.000000 1.000000
4523.547363 0.000000 1694.554688 0.000000 0.999959 0.000000 0.009019 1.000000 1.000000 1.000000
4461.669922 0.000000 1788.203735 0.000000 0.802217 0.000000 0.597032 1.000000 1.000000 1.000000
4456.000000 0.000000 1819.407715 0.000000 0.773523 0.000000 0.633768 1.000000 1.000000 1.000000
4461.474609 0.000000 1814.983887 0.000000 0.997206 0.000000 0.074696 1.000000 1.000000 1.000000
4434.231934 0.000000 1814.833252 0.000000 0.129842 0.000000 0.991535 1.000000 1.000000 1.000000
4427.855469 0.000000 1818.656006 0.000000 0.734939 0.000000 0.678133 1.000000 1.000000 1.000000
4434.961426 0.000000 1801.190186 0.000000 0.113133 0.000000 0.993580 1.000000 1.000000 1.000000
4458.571777 0.000000 1786.642944 0.000000 0.947710 0.000000 0.319134 1.000000 1.000000 1.000000
4458.896484 0.000000 1819.310669 0.000000 0.170126 0.000000 0.985422 1.000000 1.000000 1.000000
4460.849609 0.000000 1812.441650 0.000000 0.037271 0.000000 0.999305 1.000000 1.000000 1.000000
4463.368652 0.000000 1786.202148 0.000000 0.988205 0.000000 -0.153135 1.000000 1.000000 1.000000
4430.536133 0.000000 1807.256592 0.000000 0.996178 0.000000 0.087342 1.000000 1.000000 1.000000
4460.095703 0.000000 1789.861328 0.000000 0.355221 0.000000 0.934783 1.000000 1.000000 1.000000
4488.472656 0.000000 1763.102539 0.000000 0.905769 0.000000 0.423772 1.000000 1.000000 1.000000
4513.100586 0.000000 1740.719360 0.000000 0.872905 0.000000 0.487891 1.000000 1.000000 1.000000
4482.382812 0.000000 1778.534424 0.000000 0.994152 0.000000 -0.107992 1.000000 1.000000 1.000000
4465.481934 0.000000 1784.789917 0.000000 0.666277 0.000000 0.745704 1.000000 1.000000 1.000000
4467.604492 0.000000 1770.506592 0.000000 0.138745 0.000000 0.990328 1.000000 1.000000 1.000000
4484.488770 0.000000 1782.515625 0.000000 0.828730 0.000000 -0.559648 1.000000 1.000000 1.000000
4466.697266 0.000000 1805.108154 0.000000 0.999924 0.000000 -0.012364 1.000000 1.000000 1.000000
4467.631836 0.000000 1774.859741 0.000000 0.605038 0.000000 0.796197 1.000000 1.000000 1.000000
4463.665527 0.000000 1788.730591 0.000000 0.506058 0.000000 0.862500 1.000000 1.000000 1.000000
4467.002930 0.000000 1809.278564 0.000000 0.937953 0.000000 -0.346761 1.000000 1.000000 1.000000
4486.289062 0.000000 1760.203125 0.000000 0.934960 0.000000 -0.354752 1.000000 1.000000 1.000000
4497.637207 0.000000 1765.156494 0.000000 0.392419 0.000000 0.919787 1.000000 1.000000 1.000000
4483.639160 0.000000 1786.306885 0.000000 0.988616 0.000000 0.150460 1.000000 1.000000 1.000000
4495.493164 0.000000 1758.725220 0.000000 0.977647 0.000000 0.210252 1.000000 1.000000 1.000000
4516.034668 0.000000 1740.389893 0.000000 0.997385 0.000000 -0.072269 1.000000 1.000000 1.000000
4490.376953 0.000000 1765.383057 0.000000 0.190780 0.000000 0.981633 1.000000 1.000000 1.000000
4514.265137 0.000000 1738.499146 0.000000 0.869288 0.000000 -0.494306 1.000000 1.000000 1.000000
4463.541504 0.000000 1786.309082 0.000000 0.877216 0.000000 -0.480095 1.000000 1.000000 1.000000
4482.696777 0.000000 1784.116943 0.000000 0.763209 0.000000 0.646152 1.000000 1.000000 1.000000
4485.278809 0.000000 1784.664429 0.000000 0.336413 0.000000 0.941715 1.000000 1.000000 1.000000
4467.910645 0.000000 1784.386475 0.000000 0.137779 0.000000 0.990463 1.000000 1.000000 1.000000
4491.346191 0.000000 1757.658203 0.000000 0.898706 0.000000 -0.438551 1.000000 1.000000 1.000000
4512.025879 0.000000 1732.490967 0.000000 0.986779 0.000000 0.162073 1.000000 1.000000 1.000000
4513.707031 0.000000 1732.991943 0.000000 0.827945 0.000000 0.560809 1.000000 1.000000 1.000000
"}
object={
	name="tree_cedar_generator_1_1"
	render_pass=Map
	clamp_to_water_level=no
	generated_content=yes
	layer="tree_high_layer"
	pdxmesh="tree_cedar_02_mesh"
	count=10
	transform="4510.077637 0.000000 1702.814575 0.000000 0.548572 0.000000 -0.836103 1.000000 1.000000 1.000000
4510.642578 0.000000 1715.477539 0.000000 0.519767 0.000000 -0.854308 1.000000 1.000000 1.000000
4511.130371 0.000000 1725.246948 0.000000 0.784939 0.000000 -0.619573 1.000000 1.000000 1.000000
4438.650391 0.000000 1811.461914 0.000000 0.781281 0.000000 -0.624180 1.000000 1.000000 1.000000
4430.992676 0.000000 1816.994385 0.000000 0.784477 0.000000 -0.620158 1.000000 1.000000 1.000000
4489.221680 0.000000 1758.427612 0.000000 0.640180 0.000000 -0.768225 1.000000 1.000000 1.000000
4464.539062 0.000000 1810.833008 0.000000 0.534410 0.000000 -0.845225 1.000000 1.000000 1.000000
4467.242676 0.000000 1782.300903 0.000000 0.797996 0.000000 -0.602662 1.000000 1.000000 1.000000
4493.395020 0.000000 1757.009888 0.000000 0.722488 0.000000 -0.691384 1.000000 1.000000 1.000000
4495.573242 0.000000 1764.488892 0.000000 0.632162 0.000000 -0.774836 1.000000 1.000000 1.000000
"}
object={
	name="tree_cedar_generator_1_2"
	render_pass=Map
	clamp_to_water_level=no
	generated_content=yes
	layer="tree_high_layer"
	pdxmesh="tree_cedar_03_mesh"
	count=16
	transform="4533.466797 0.000000 1718.999512 0.000000 0.090865 0.000000 -0.995863 1.000000 1.000000 1.000000
4508.312500 0.000000 1689.645752 0.000000 0.280625 0.000000 -0.959817 1.000000 1.000000 1.000000
4436.981445 0.000000 1804.912598 0.000000 0.219734 0.000000 -0.975560 1.000000 1.000000 1.000000
4429.061523 0.000000 1814.031616 0.000000 0.335459 0.000000 -0.942055 1.000000 1.000000 1.000000
4460.500000 0.000000 1784.238403 0.000000 0.478040 0.000000 -0.878338 1.000000 1.000000 1.000000
4460.857422 0.000000 1786.310547 0.000000 0.358467 0.000000 -0.933542 1.000000 1.000000 1.000000
4486.316895 0.000000 1756.455078 0.000000 0.493188 0.000000 -0.869923 1.000000 1.000000 1.000000
4491.271973 0.000000 1755.292603 0.000000 0.177529 0.000000 -0.984116 1.000000 1.000000 1.000000
4488.503906 0.000000 1754.435669 0.000000 0.344852 0.000000 -0.938657 1.000000 1.000000 1.000000
4467.831543 0.000000 1786.585327 0.000000 0.352805 0.000000 -0.935697 1.000000 1.000000 1.000000
4515.973633 0.000000 1733.602417 0.000000 0.207531 0.000000 -0.978229 1.000000 1.000000 1.000000
4466.086914 0.000000 1772.655640 0.000000 0.480241 0.000000 -0.877136 1.000000 1.000000 1.000000
4468.971680 0.000000 1772.789917 0.000000 0.479748 0.000000 -0.877406 1.000000 1.000000 1.000000
4484.277832 0.000000 1780.084351 0.000000 0.291914 0.000000 -0.956445 1.000000 1.000000 1.000000
4467.958496 0.000000 1807.096924 0.000000 0.380594 0.000000 -0.924742 1.000000 1.000000 1.000000
4497.764160 0.000000 1762.947876 0.000000 0.271487 0.000000 -0.962442 1.000000 1.000000 1.000000
"}
object={
	name="tree_cedar_generator_1_3"
	render_pass=Map
	clamp_to_water_level=no
	generated_content=yes
	layer="tree_high_layer"
	pdxmesh="tree_cedar_04_mesh"
	count=1
	transform="4429.596191 0.000000 1804.938965 0.000000 0.036969 0.000000 -0.999316 1.000000 1.000000 1.000000
"}
