object={
	name="tree_leaf_birch_01_single_generator_1_0"
	render_pass=Map
	clamp_to_water_level=no
	generated_content=yes
	layer="tree_high_layer"
	pdxmesh="tree_leaf_birch_01_single_a_mesh"
	count=90
	transform="4934.843750 0.000000 2089.648193 0.000000 0.976334 0.000000 0.216267 1.000000 1.000000 1.000000
4942.595703 0.000000 2099.415039 0.000000 0.515516 0.000000 -0.856880 1.000000 1.000000 1.000000
5095.770020 0.000000 2035.734497 0.000000 0.452232 0.000000 0.891900 1.000000 1.000000 1.000000
5103.513184 0.000000 2073.725098 0.000000 0.931660 0.000000 0.363330 1.000000 1.000000 1.000000
5097.740234 0.000000 2070.079346 0.000000 0.855988 0.000000 0.516996 1.000000 1.000000 1.000000
5097.750000 0.000000 2053.224854 0.000000 0.716652 0.000000 0.697430 1.000000 1.000000 1.000000
5095.110840 0.000000 2072.483154 0.000000 0.240163 0.000000 0.970733 1.000000 1.000000 1.000000
5111.706543 0.000000 2061.731201 0.000000 0.154298 0.000000 0.988024 1.000000 1.000000 1.000000
5118.414062 0.000000 2088.887207 0.000000 0.041160 0.000000 0.999153 1.000000 1.000000 1.000000
5144.279297 0.000000 2103.708984 0.000000 0.694796 0.000000 0.719207 1.000000 1.000000 1.000000
5116.294922 0.000000 2100.934326 0.000000 0.999846 0.000000 -0.017541 1.000000 1.000000 1.000000
5140.345215 0.000000 2108.497070 0.000000 0.327730 0.000000 -0.944772 1.000000 1.000000 1.000000
5118.108398 0.000000 2095.083252 0.000000 0.907690 0.000000 -0.419641 1.000000 1.000000 1.000000
5147.777344 0.000000 2106.609131 0.000000 0.329002 0.000000 -0.944329 1.000000 1.000000 1.000000
5144.343262 0.000000 2108.338623 0.000000 0.513740 0.000000 0.857946 1.000000 1.000000 1.000000
5112.529785 0.000000 2065.215576 0.000000 0.812098 0.000000 0.583521 1.000000 1.000000 1.000000
5010.748047 0.000000 2267.982178 0.000000 0.998704 0.000000 0.050903 1.000000 1.000000 1.000000
5130.126465 0.000000 2127.502686 0.000000 0.996381 0.000000 0.085001 1.000000 1.000000 1.000000
5122.224609 0.000000 2166.816650 0.000000 0.128079 0.000000 0.991764 1.000000 1.000000 1.000000
5145.579590 0.000000 2179.610107 0.000000 0.970416 0.000000 -0.241439 1.000000 1.000000 1.000000
5141.957031 0.000000 2111.966797 0.000000 0.845809 0.000000 0.533486 1.000000 1.000000 1.000000
5136.402344 0.000000 2147.040039 0.000000 0.929354 0.000000 0.369189 1.000000 1.000000 1.000000
5128.228027 0.000000 2184.101562 0.000000 0.988599 0.000000 -0.150575 1.000000 1.000000 1.000000
5127.791504 0.000000 2139.084717 0.000000 0.764764 0.000000 0.644311 1.000000 1.000000 1.000000
5139.566895 0.000000 2189.650635 0.000000 0.779977 0.000000 -0.625808 1.000000 1.000000 1.000000
5148.947266 0.000000 2166.622070 0.000000 0.891668 0.000000 -0.452689 1.000000 1.000000 1.000000
5122.102051 0.000000 2176.245361 0.000000 0.580826 0.000000 0.814028 1.000000 1.000000 1.000000
5136.560547 0.000000 2180.977539 0.000000 0.937111 0.000000 -0.349032 1.000000 1.000000 1.000000
5131.423340 0.000000 2192.329834 0.000000 0.773067 0.000000 -0.634324 1.000000 1.000000 1.000000
5134.879883 0.000000 2116.794434 0.000000 0.053785 0.000000 0.998553 1.000000 1.000000 1.000000
5142.622070 0.000000 2172.117432 0.000000 0.187002 0.000000 0.982360 1.000000 1.000000 1.000000
5134.246582 0.000000 2140.392578 0.000000 0.355870 0.000000 -0.934535 1.000000 1.000000 1.000000
5124.063477 0.000000 2189.159912 0.000000 0.834404 0.000000 -0.551154 1.000000 1.000000 1.000000
5131.087402 0.000000 2133.708984 0.000000 0.894097 0.000000 -0.447874 1.000000 1.000000 1.000000
5134.090820 0.000000 2186.692871 0.000000 0.497175 0.000000 0.867650 1.000000 1.000000 1.000000
5134.241211 0.000000 2122.789307 0.000000 0.862534 0.000000 0.505999 1.000000 1.000000 1.000000
5123.354980 0.000000 2181.615234 0.000000 0.860824 0.000000 0.508903 1.000000 1.000000 1.000000
5151.772461 0.000000 2161.822021 0.000000 0.023932 0.000000 -0.999714 1.000000 1.000000 1.000000
5140.207031 0.000000 2117.658447 0.000000 0.186820 0.000000 -0.982394 1.000000 1.000000 1.000000
5126.110840 0.000000 2173.102295 0.000000 0.995674 0.000000 -0.092916 1.000000 1.000000 1.000000
5147.809082 0.000000 2171.461670 0.000000 0.529019 0.000000 0.848610 1.000000 1.000000 1.000000
5137.050781 0.000000 2151.966064 0.000000 0.822268 0.000000 -0.569100 1.000000 1.000000 1.000000
5141.079590 0.000000 2177.912354 0.000000 0.434782 0.000000 -0.900536 1.000000 1.000000 1.000000
5121.771973 0.000000 2171.428711 0.000000 0.163294 0.000000 0.986577 1.000000 1.000000 1.000000
5132.054199 0.000000 2181.594727 0.000000 0.489124 0.000000 -0.872214 1.000000 1.000000 1.000000
5130.671387 0.000000 2143.183350 0.000000 0.028380 0.000000 0.999597 1.000000 1.000000 1.000000
5128.520508 0.000000 2188.656738 0.000000 0.976663 0.000000 0.214777 1.000000 1.000000 1.000000
5145.930664 0.000000 2175.351807 0.000000 0.582978 0.000000 0.812488 1.000000 1.000000 1.000000
5137.998535 0.000000 2185.305420 0.000000 0.885435 0.000000 -0.464763 1.000000 1.000000 1.000000
5139.241699 0.000000 2169.743408 0.000000 0.967962 0.000000 0.251096 1.000000 1.000000 1.000000
5120.250000 0.000000 2163.006104 0.000000 0.984276 0.000000 0.176639 1.000000 1.000000 1.000000
5135.000000 0.000000 2132.603271 0.000000 0.533613 0.000000 -0.845729 1.000000 1.000000 1.000000
5134.127930 0.000000 2136.467529 0.000000 0.673843 0.000000 0.738875 1.000000 1.000000 1.000000
5134.218750 0.000000 2144.140869 0.000000 0.990119 0.000000 0.140228 1.000000 1.000000 1.000000
5132.523926 0.000000 2119.596680 0.000000 0.184118 0.000000 0.982904 1.000000 1.000000 1.000000
5126.982422 0.000000 2142.882080 0.000000 0.231692 0.000000 -0.972789 1.000000 1.000000 1.000000
5133.774902 0.000000 2126.310791 0.000000 0.863362 0.000000 -0.504586 1.000000 1.000000 1.000000
5132.873535 0.000000 2129.904053 0.000000 0.839055 0.000000 0.544046 1.000000 1.000000 1.000000
5145.957031 0.000000 2168.361084 0.000000 0.211939 0.000000 -0.977283 1.000000 1.000000 1.000000
5140.089844 0.000000 2181.276123 0.000000 0.276250 0.000000 0.961086 1.000000 1.000000 1.000000
5152.204590 0.000000 2165.206299 0.000000 0.476130 0.000000 -0.879375 1.000000 1.000000 1.000000
5125.819824 0.000000 2186.377197 0.000000 0.403398 0.000000 -0.915024 1.000000 1.000000 1.000000
5130.932129 0.000000 2186.139404 0.000000 0.398918 0.000000 -0.916987 1.000000 1.000000 1.000000
5124.764648 0.000000 2178.245850 0.000000 0.783673 0.000000 -0.621173 1.000000 1.000000 1.000000
5133.519043 0.000000 2189.987793 0.000000 0.235898 0.000000 -0.971778 1.000000 1.000000 1.000000
5123.315430 0.000000 2163.829346 0.000000 0.960532 0.000000 0.278170 1.000000 1.000000 1.000000
5136.544434 0.000000 2188.702148 0.000000 0.989845 0.000000 0.142153 1.000000 1.000000 1.000000
5135.119629 0.000000 2183.716797 0.000000 0.978487 0.000000 0.206309 1.000000 1.000000 1.000000
5140.886230 0.000000 2114.772217 0.000000 0.637232 0.000000 0.770672 1.000000 1.000000 1.000000
5143.055664 0.000000 2181.558350 0.000000 0.656100 0.000000 0.754674 1.000000 1.000000 1.000000
5131.160156 0.000000 2140.474365 0.000000 0.760975 0.000000 0.648781 1.000000 1.000000 1.000000
5125.510742 0.000000 2183.651367 0.000000 0.048850 0.000000 -0.998806 1.000000 1.000000 1.000000
5131.160645 0.000000 2188.812744 0.000000 0.441258 0.000000 0.897380 1.000000 1.000000 1.000000
5144.409180 0.000000 2170.340820 0.000000 0.500272 0.000000 -0.865868 1.000000 1.000000 1.000000
5132.708008 0.000000 2184.292236 0.000000 0.192054 0.000000 0.981384 1.000000 1.000000 1.000000
5133.711914 0.000000 2193.427246 0.000000 0.931406 0.000000 -0.363982 1.000000 1.000000 1.000000
5135.858887 0.000000 2134.797852 0.000000 0.196455 0.000000 -0.980513 1.000000 1.000000 1.000000
5139.846680 0.000000 2183.697266 0.000000 0.750514 0.000000 -0.660855 1.000000 1.000000 1.000000
5122.682129 0.000000 2179.352051 0.000000 0.615291 0.000000 0.788300 1.000000 1.000000 1.000000
5128.595215 0.000000 2186.254883 0.000000 0.996949 0.000000 -0.078062 1.000000 1.000000 1.000000
5136.215820 0.000000 2186.576904 0.000000 0.985995 0.000000 -0.166776 1.000000 1.000000 1.000000
4907.527832 0.000000 2336.035156 0.000000 0.412571 0.000000 -0.910925 1.000000 1.000000 1.000000
4910.724121 0.000000 2326.727295 0.000000 0.960395 0.000000 0.278644 1.000000 1.000000 1.000000
4905.583984 0.000000 2339.662842 0.000000 0.953769 0.000000 0.300540 1.000000 1.000000 1.000000
4903.601074 0.000000 2334.822998 0.000000 0.497884 0.000000 0.867244 1.000000 1.000000 1.000000
4909.554688 0.000000 2329.563477 0.000000 0.131060 0.000000 0.991374 1.000000 1.000000 1.000000
4913.150391 0.000000 2327.639404 0.000000 0.986492 0.000000 0.163813 1.000000 1.000000 1.000000
4904.349121 0.000000 2337.399902 0.000000 0.936111 0.000000 0.351705 1.000000 1.000000 1.000000
5037.607422 0.000000 2364.110107 0.000000 0.914039 0.000000 0.405626 1.000000 1.000000 1.000000
5039.603027 0.000000 2364.636963 0.000000 0.678524 0.000000 -0.734579 1.000000 1.000000 1.000000
"}
