object={
	name="wheatstalks_a_generator_1_0"
	render_pass=Map
	clamp_to_water_level=no
	generated_content=yes
	layer="grass_layer"
	pdxmesh="wheatstalks_mesh"
	count=889
	transform="8276.881836 0.000000 415.249695 0.000000 0.295259 0.000000 -0.955417 1.009520 1.009520 1.009520
8277.424805 0.000000 411.202209 0.000000 0.999534 0.000000 -0.030524 1.000229 1.000229 1.000229
8273.694336 0.000000 417.565613 0.000000 0.827311 0.000000 -0.561745 1.004467 1.004467 1.004467
8272.539062 0.000000 421.817841 0.000000 0.252497 0.000000 0.967598 0.990147 0.990147 0.990147
8313.235352 0.000000 451.891083 0.000000 0.491634 0.000000 -0.870802 1.007915 1.007915 1.007915
8285.496094 0.000000 418.311890 0.000000 0.609183 0.000000 -0.793029 1.005944 1.005944 1.005944
8304.058594 0.000000 419.321136 0.000000 0.021030 0.000000 -0.999779 1.014702 1.014702 1.014702
8295.884766 0.000000 456.382690 0.000000 0.955400 0.000000 0.295315 0.999701 0.999701 0.999701
8295.448242 0.000000 411.365814 0.000000 0.990425 0.000000 -0.138054 1.001037 1.001037 1.001037
8307.223633 0.000000 461.931580 0.000000 0.332458 0.000000 -0.943118 1.009226 1.009226 1.009226
8320.026367 0.000000 476.434326 0.000000 0.995002 0.000000 -0.099853 1.000449 1.000449 1.000449
8298.846680 0.000000 446.250458 0.000000 0.724321 0.000000 -0.689463 1.001519 1.001519 1.001519
8279.215820 0.000000 410.298065 0.000000 0.011690 0.000000 0.999932 0.988323 0.988323 0.988323
8304.216797 0.000000 453.258667 0.000000 0.106969 0.000000 0.994262 0.989038 0.989038 0.989038
8290.212891 0.000000 404.686371 0.000000 0.326720 0.000000 -0.945121 1.009272 1.009272 1.009272
8279.170898 0.000000 422.561890 0.000000 0.189330 0.000000 0.981914 0.989662 0.989662 0.989662
8298.743164 0.000000 405.990082 0.000000 0.906217 0.000000 0.422813 0.999128 0.999128 0.999128
8313.843750 0.000000 462.109985 0.000000 0.734205 0.000000 -0.678927 1.005589 1.005589 1.005589
8301.747070 0.000000 458.973816 0.000000 0.909201 0.000000 -0.416357 1.003216 1.003216 1.003216
8309.363281 0.000000 421.868958 0.000000 0.792686 0.000000 -0.609630 1.004910 1.004910 1.004910
8309.810547 0.000000 456.596313 0.000000 0.922527 0.000000 0.385932 0.997032 0.997032 0.997032
8291.160156 0.000000 416.347473 0.000000 0.354817 0.000000 -0.934936 1.009048 1.009048 1.009048
8280.023438 0.000000 416.844543 0.000000 0.532226 0.000000 -0.846602 1.007561 1.007561 1.007561
8295.687500 0.000000 450.678406 0.000000 0.668422 0.000000 0.743782 0.994137 0.994137 0.994137
8307.995117 0.000000 415.819397 0.000000 0.493349 0.000000 -0.869832 1.011061 1.011061 1.011061
8304.707031 0.000000 424.247070 0.000000 0.821409 0.000000 0.570340 0.995454 0.995454 0.995454
8283.094727 0.000000 413.081696 0.000000 0.875095 0.000000 -0.483952 1.001766 1.001766 1.001766
8299.710938 0.000000 453.875885 0.000000 0.467279 0.000000 0.884110 0.991877 0.991877 0.991877
8298.328125 0.000000 415.464478 0.000000 0.809137 0.000000 -0.587620 1.004704 1.004704 1.004704
8294.356445 0.000000 407.039612 0.000000 0.242476 0.000000 0.970157 0.990070 0.990070 0.990070
8314.233398 0.000000 456.191681 0.000000 0.523624 0.000000 0.851950 0.992363 0.992363 0.992363
8301.486328 0.000000 449.752075 0.000000 0.643795 0.000000 0.765198 0.993474 0.993474 0.993474
8305.654297 0.000000 457.586517 0.000000 0.431199 0.000000 -0.902257 1.008426 1.008426 1.008426
8311.346680 0.000000 418.390808 0.000000 0.782678 0.000000 0.622427 0.994968 0.994968 0.994968
8289.216797 0.000000 419.975006 0.000000 0.732625 0.000000 0.680633 0.994393 0.994393 0.994393
8301.784180 0.000000 408.748474 0.000000 0.980573 0.000000 -0.196153 1.001479 1.001479 1.001479
8309.630859 0.000000 465.044250 0.000000 0.002577 0.000000 -0.999997 1.011745 1.011745 1.011745
8290.744141 0.000000 408.529877 0.000000 0.597339 0.000000 0.801989 0.990242 0.990242 0.990242
8291.747070 0.000000 412.530823 0.000000 0.994635 0.000000 0.103443 0.998706 0.998706 0.998706
8300.298828 0.000000 419.737549 0.000000 0.989891 0.000000 -0.141831 1.001066 1.001066 1.001066
8287.234375 0.000000 415.135315 0.000000 0.682157 0.000000 -0.731205 1.006142 1.006142 1.006142
8310.619141 0.000000 460.149231 0.000000 0.799169 0.000000 -0.601107 1.004830 1.004830 1.004830
8323.175781 0.000000 478.625366 0.000000 0.424872 0.000000 0.905253 0.991522 0.991522 0.991522
8281.728516 0.000000 419.809113 0.000000 0.926970 0.000000 0.375136 0.997120 0.997120 0.997120
8298.600586 0.000000 409.981659 0.000000 0.551329 0.000000 -0.834288 1.007391 1.007391 1.007391
8304.807617 0.000000 414.646240 0.000000 0.128365 0.000000 0.991727 0.981999 0.981999 0.981999
8292.384766 0.000000 419.355896 0.000000 0.996990 0.000000 -0.077533 1.000581 1.000581 1.000581
8305.676758 0.000000 417.144836 0.000000 0.024333 0.000000 -0.999704 1.020076 1.020076 1.020076
8333.331055 0.000000 515.121765 0.000000 0.684804 0.000000 0.728727 0.993885 0.993885 0.993885
8345.458984 0.000000 562.812988 0.000000 0.632079 0.000000 -0.774904 1.006640 1.006640 1.006640
8336.938477 0.000000 539.627319 0.000000 0.018585 0.000000 -0.999827 1.011626 1.011626 1.011626
8327.400391 0.000000 506.744904 0.000000 0.419658 0.000000 0.907682 0.993751 0.993751 0.993751
8339.850586 0.000000 508.343964 0.000000 0.427805 0.000000 0.903871 0.991546 0.991546 0.991546
8343.578125 0.000000 571.610718 0.000000 0.848755 0.000000 0.528786 0.997218 0.997218 0.997218
8320.429688 0.000000 480.327606 0.000000 0.889761 0.000000 -0.456427 1.003550 1.003550 1.003550
8324.754883 0.000000 517.540894 0.000000 0.969820 0.000000 0.243821 0.999508 0.999508 0.999508
8347.475586 0.000000 553.362610 0.000000 0.450530 0.000000 -0.892761 1.003857 1.003857 1.003857
8320.953125 0.000000 509.995575 0.000000 0.717044 0.000000 -0.697028 1.005776 1.005776 1.005776
8323.281250 0.000000 486.362793 0.000000 0.749008 0.000000 -0.662561 1.005424 1.005424 1.005424
8343.161133 0.000000 537.975037 0.000000 0.612572 0.000000 0.790415 0.994084 0.994084 0.994084
8333.504883 0.000000 508.040741 0.000000 0.166360 0.000000 0.986065 0.990188 0.990188 0.990188
8340.887695 0.000000 502.362854 0.000000 0.127104 0.000000 -0.991889 1.003603 1.003603 1.003603
8349.052734 0.000000 567.186951 0.000000 0.101395 0.000000 -0.994846 1.011738 1.011738 1.011738
8339.020508 0.000000 544.826477 0.000000 0.789774 0.000000 0.613398 0.995054 0.995054 0.995054
8322.946289 0.000000 504.298004 0.000000 0.797620 0.000000 -0.603161 1.003556 1.003556 1.003556
8337.388672 0.000000 534.329285 0.000000 0.939259 0.000000 -0.343209 1.001225 1.001225 1.001225
8318.234375 0.000000 485.687103 0.000000 0.043965 0.000000 -0.999033 1.011435 1.011435 1.011435
8348.035156 0.000000 558.668701 0.000000 0.536426 0.000000 -0.843947 1.007524 1.007524 1.007524
8342.526367 0.000000 566.783936 0.000000 0.792875 0.000000 0.609384 0.995092 0.995092 0.995092
8337.168945 0.000000 512.214722 0.000000 0.918934 0.000000 -0.394413 1.003036 1.003036 1.003036
8325.407227 0.000000 480.406952 0.000000 0.849888 0.000000 0.526963 0.995843 0.995843 0.995843
8336.874023 0.000000 504.779572 0.000000 0.461448 0.000000 -0.887167 1.008173 1.008173 1.008173
8337.398438 0.000000 517.474854 0.000000 0.970381 0.000000 0.241580 0.998416 0.998416 0.998416
8323.695312 0.000000 513.254639 0.000000 0.963865 0.000000 0.266390 0.997980 0.997980 0.997980
8333.866211 0.000000 519.995422 0.000000 0.270810 0.000000 -0.962633 1.006474 1.006474 1.006474
8319.446289 0.000000 513.829468 0.000000 0.697293 0.000000 0.716786 0.994812 0.994812 0.994812
8342.965820 0.000000 506.004578 0.000000 0.533705 0.000000 -0.845671 1.006039 1.006039 1.006039
8340.841797 0.000000 541.355530 0.000000 0.955006 0.000000 -0.296586 1.002255 1.002255 1.002255
8331.706055 0.000000 511.413177 0.000000 0.790377 0.000000 -0.612621 1.004938 1.004938 1.004938
8324.756836 0.000000 509.611786 0.000000 0.520653 0.000000 0.853768 0.992337 0.992337 0.992337
8349.449219 0.000000 562.190796 0.000000 0.119672 0.000000 0.992813 0.978992 0.978992 0.978992
8345.741211 0.000000 568.697571 0.000000 0.994792 0.000000 0.101925 0.999235 0.999235 0.999235
8340.909180 0.000000 511.826508 0.000000 0.742218 0.000000 0.670159 0.994499 0.994499 0.994499
8320.016602 0.000000 506.434296 0.000000 0.981869 0.000000 -0.189562 1.001428 1.001428 1.001428
8339.683594 0.000000 537.061218 0.000000 0.294099 0.000000 -0.955775 1.009529 1.009529 1.009529
8335.206055 0.000000 545.037842 0.000000 0.455877 0.000000 -0.890043 1.008219 1.008219 1.008219
8322.096680 0.000000 489.937042 0.000000 0.995961 0.000000 -0.089789 1.000673 1.000673 1.000673
8329.459961 0.000000 515.527039 0.000000 0.994927 0.000000 -0.100596 1.000805 1.000805 1.000805
8321.545898 0.000000 483.509247 0.000000 0.720977 0.000000 -0.692959 1.005734 1.005734 1.005734
8325.870117 0.000000 484.121552 0.000000 0.187332 0.000000 0.982297 0.989647 0.989647 0.989647
8326.427734 0.000000 514.979614 0.000000 0.610504 0.000000 0.792013 0.991328 0.991328 0.991328
8345.102539 0.000000 578.488525 0.000000 0.626255 0.000000 0.779618 0.993304 0.993304 0.993304
8350.706055 0.000000 585.155518 0.000000 0.672171 0.000000 0.740396 0.994172 0.994172 0.994172
8350.541016 0.000000 596.450012 0.000000 0.975560 0.000000 0.219733 0.997124 0.997124 0.997124
8349.618164 0.000000 580.550476 0.000000 0.999634 0.000000 0.027059 0.999797 0.999797 0.999797
8344.036133 0.000000 582.370117 0.000000 0.998076 0.000000 0.062008 0.999566 0.999566 0.999566
8347.296875 0.000000 583.809021 0.000000 0.097355 0.000000 -0.995250 1.011034 1.011034 1.011034
8374.680664 0.000000 472.514160 0.000000 0.017034 0.000000 0.999855 0.989914 0.989914 0.989914
8367.876953 0.000000 456.382690 0.000000 0.999953 0.000000 -0.009736 1.000073 1.000073 1.000073
8370.838867 0.000000 446.250458 0.000000 0.467346 0.000000 -0.884075 1.006498 1.006498 1.006498
8361.750977 0.000000 448.526459 0.000000 0.207243 0.000000 -0.978289 1.001360 1.001360 1.001360
8371.072266 0.000000 464.610809 0.000000 0.522841 0.000000 -0.852430 1.007644 1.007644 1.007644
8363.711914 0.000000 461.440857 0.000000 0.045419 0.000000 -0.998968 1.005331 1.005331 1.005331
8379.994141 0.000000 476.762482 0.000000 0.251725 0.000000 0.967799 0.990141 0.990141 0.990141
8373.739258 0.000000 458.973816 0.000000 0.602697 0.000000 0.797970 0.994003 0.994003 0.994003
8387.012695 0.000000 479.414673 0.000000 0.241296 0.000000 -0.970451 1.009939 1.009939 1.009939
8363.003906 0.000000 453.896179 0.000000 0.538453 0.000000 -0.842656 1.005504 1.005504 1.005504
8367.679688 0.000000 450.678406 0.000000 0.074047 0.000000 -0.997255 1.011210 1.011210 1.011210
8365.759766 0.000000 445.383270 0.000000 0.617810 0.000000 -0.786327 1.002711 1.002711 1.002711
8387.425781 0.000000 474.874634 0.000000 0.305484 0.000000 0.952197 0.993707 0.993707 0.993707
8371.703125 0.000000 453.875885 0.000000 0.977007 0.000000 0.213208 0.998713 0.998713 0.998713
8366.413086 0.000000 465.092834 0.000000 0.685783 0.000000 -0.727806 1.006105 1.006105 1.006105
8368.168945 0.000000 460.937775 0.000000 0.628685 0.000000 -0.777660 1.006673 1.006673 1.006673
8375.742188 0.000000 464.594971 0.000000 0.338595 0.000000 -0.940932 1.009178 1.009178 1.009178
8373.478516 0.000000 449.752075 0.000000 0.971198 0.000000 0.238273 0.998919 0.998919 0.998919
8373.396484 0.000000 468.351227 0.000000 0.570758 0.000000 0.821118 0.992785 0.992785 0.992785
8375.895508 0.000000 476.335022 0.000000 0.273075 0.000000 -0.961993 1.009693 1.009693 1.009693
8379.533203 0.000000 472.126465 0.000000 0.450814 0.000000 -0.892618 1.008262 1.008262 1.008262
8383.992188 0.000000 476.604187 0.000000 0.564356 0.000000 0.825532 0.992727 0.992727 0.992727
8365.467773 0.000000 458.658264 0.000000 0.578284 0.000000 -0.815836 1.007146 1.007146 1.007146
8370.580078 0.000000 458.420410 0.000000 0.973628 0.000000 0.228143 0.998276 0.998276 0.998276
8364.413086 0.000000 450.526825 0.000000 0.927910 0.000000 -0.372805 1.002861 1.002861 1.002861
8420.866211 0.000000 511.234070 0.000000 0.580456 0.000000 0.814291 0.995724 0.995724 0.995724
8410.549805 0.000000 550.045044 0.000000 0.065031 0.000000 -0.997883 1.011277 1.011277 1.011277
8401.238281 0.000000 483.538330 0.000000 0.465553 0.000000 0.885020 0.992405 0.992405 0.992405
8351.145508 0.000000 560.102661 0.000000 0.617629 0.000000 0.786470 0.993221 0.993221 0.993221
8381.605469 0.000000 480.232208 0.000000 0.995022 0.000000 0.099658 0.999252 0.999252 0.999252
8363.002930 0.000000 564.144775 0.000000 0.136034 0.000000 0.990704 0.989257 0.989257 0.989257
8387.341797 0.000000 514.289673 0.000000 0.448648 0.000000 -0.893709 1.010488 1.010488 1.010488
8409.723633 0.000000 489.804016 0.000000 0.670956 0.000000 0.741497 0.993744 0.993744 0.993744
8408.930664 0.000000 539.627319 0.000000 0.819946 0.000000 -0.572440 1.004565 1.004565 1.004565
8417.692383 0.000000 521.283386 0.000000 0.473626 0.000000 -0.880726 1.001614 1.001614 1.001614
8381.414062 0.000000 524.667419 0.000000 0.181253 0.000000 0.983436 0.997227 0.997227 0.997227
8396.747070 0.000000 517.540894 0.000000 0.565580 0.000000 -0.824693 1.007262 1.007262 1.007262
8366.422852 0.000000 571.904114 0.000000 0.618307 0.000000 0.785936 0.993228 0.993228 0.993228
8403.711914 0.000000 545.896362 0.000000 0.688234 0.000000 0.725489 0.993920 0.993920 0.993920
8355.943359 0.000000 565.184326 0.000000 0.878201 0.000000 -0.478292 1.005727 1.005727 1.005727
8386.587891 0.000000 520.782288 0.000000 0.105111 0.000000 -0.994461 1.010976 1.010976 1.010976
8412.280273 0.000000 495.912323 0.000000 0.054552 0.000000 -0.998511 1.011356 1.011356 1.011356
8351.960938 0.000000 553.996948 0.000000 0.504622 0.000000 0.863340 0.992197 0.992197 0.992197
8357.756836 0.000000 559.333252 0.000000 0.285192 0.000000 0.958470 0.994241 0.994241 0.994241
8381.355469 0.000000 517.853333 0.000000 0.999945 0.000000 -0.010469 1.000078 1.000078 1.000078
8360.622070 0.000000 569.586670 0.000000 0.994214 0.000000 -0.107417 1.000806 1.000806 1.000806
8399.991211 0.000000 512.416016 0.000000 0.784121 0.000000 -0.620608 1.004346 1.004346 1.004346
8411.957031 0.000000 484.673401 0.000000 0.950620 0.000000 0.310358 0.998267 0.998267 0.998267
8406.558594 0.000000 485.398102 0.000000 0.838995 0.000000 -0.544139 1.004309 1.004309 1.004309
8387.074219 0.000000 481.676147 0.000000 0.213700 0.000000 -0.976899 1.004061 1.004061 1.004061
8411.012695 0.000000 544.826477 0.000000 0.499791 0.000000 -0.866146 1.007845 1.007845 1.007845
8391.480469 0.000000 517.984924 0.000000 0.994386 0.000000 -0.105812 1.000794 1.000794 1.000794
8420.018555 0.000000 516.555481 0.000000 0.578981 0.000000 -0.815341 1.007140 1.007140 1.007140
8403.429688 0.000000 537.931580 0.000000 0.628701 0.000000 -0.777647 1.005338 1.005338 1.005338
8402.724609 0.000000 488.432861 0.000000 0.995131 0.000000 -0.098558 1.000739 1.000739 1.000739
8351.177734 0.000000 565.912720 0.000000 0.690828 0.000000 0.723019 0.989105 0.989105 0.989105
8416.293945 0.000000 510.019836 0.000000 0.875250 0.000000 0.483671 0.996219 0.996219 0.996219
8404.268555 0.000000 480.163513 0.000000 0.980883 0.000000 -0.194600 1.001369 1.001369 1.001369
8405.287109 0.000000 541.859375 0.000000 0.158294 0.000000 0.987392 0.989426 0.989426 0.989426
8395.687500 0.000000 513.254639 0.000000 0.455343 0.000000 0.890316 0.991776 0.991776 0.991776
8364.978516 0.000000 567.950562 0.000000 0.788334 0.000000 0.615248 0.995037 0.995037 0.995037
8391.438477 0.000000 513.829468 0.000000 0.876047 0.000000 0.482225 0.996231 0.996231 0.996231
8363.775391 0.000000 574.936462 0.000000 0.553530 0.000000 0.832829 0.992629 0.992629 0.992629
8354.275391 0.000000 557.311157 0.000000 0.785732 0.000000 -0.618567 1.004995 1.004995 1.004995
8406.658203 0.000000 548.702576 0.000000 0.619252 0.000000 0.785193 0.993237 0.993237 0.993237
8413.125977 0.000000 492.147064 0.000000 0.764021 0.000000 0.645192 0.994748 0.994748 0.994748
8417.678711 0.000000 513.549988 0.000000 0.393486 0.000000 0.919331 0.991264 0.991264 0.991264
8354.581055 0.000000 561.481628 0.000000 0.746655 0.000000 0.665211 0.994549 0.994549 0.994549
8405.931641 0.000000 490.560272 0.000000 0.714709 0.000000 -0.699422 1.005801 1.005801 1.005801
8421.137695 0.000000 520.040405 0.000000 0.595017 0.000000 0.803713 0.993008 0.993008 0.993008
8412.901367 0.000000 511.826508 0.000000 0.633310 0.000000 0.773898 0.993372 0.993372 0.993372
8382.825195 0.000000 521.348816 0.000000 0.871017 0.000000 -0.491253 1.003846 1.003846 1.003846
8407.198242 0.000000 545.037842 0.000000 0.967658 0.000000 -0.252265 1.001910 1.001910 1.001910
8416.523438 0.000000 517.802185 0.000000 0.996219 0.000000 0.086880 0.999348 0.999348 0.999348
8409.759766 0.000000 493.285278 0.000000 0.052995 0.000000 0.998595 0.988632 0.988632 0.988632
8385.214844 0.000000 517.359497 0.000000 0.774027 0.000000 -0.633153 1.005135 1.005135 1.005135
8413.045898 0.000000 488.609741 0.000000 0.927141 0.000000 0.374713 0.997123 0.997123 0.997123
8406.750977 0.000000 536.733032 0.000000 0.544222 0.000000 0.838942 0.992545 0.992545 0.992545
8413.391602 0.000000 547.391357 0.000000 0.099413 0.000000 0.995046 0.988981 0.988981 0.988981
8369.112305 0.000000 574.596985 0.000000 0.999172 0.000000 0.040692 0.999695 0.999695 0.999695
8360.028320 0.000000 566.343201 0.000000 0.425495 0.000000 0.904961 0.991527 0.991527 0.991527
8363.021484 0.000000 571.815796 0.000000 0.553589 0.000000 -0.832790 1.007371 1.007371 1.007371
8384.998047 0.000000 523.845947 0.000000 0.877888 0.000000 -0.478867 1.003740 1.003740 1.003740
8388.336914 0.000000 517.733215 0.000000 0.891223 0.000000 0.453565 0.994594 0.994594 0.994594
8457.219727 0.000000 547.875427 0.000000 0.968569 0.000000 0.248744 0.998870 0.998870 0.998870
8429.480469 0.000000 514.296265 0.000000 0.871765 0.000000 -0.489924 1.001023 1.001023 1.001023
8462.657227 0.000000 561.875854 0.000000 0.080908 0.000000 -0.996722 1.004463 1.004463 1.004463
8489.086914 0.000000 482.504120 0.000000 0.650894 0.000000 0.759169 0.993544 0.993544 0.993544
8423.347656 0.000000 525.981140 0.000000 0.586138 0.000000 0.810211 0.998585 0.998585 0.998585
8490.378906 0.000000 496.892639 0.000000 0.931393 0.000000 0.364015 0.997396 0.997396 0.997396
8442.831055 0.000000 542.234802 0.000000 0.798977 0.000000 0.601362 0.995168 0.995168 0.995168
8448.201172 0.000000 549.243042 0.000000 0.555950 0.000000 0.831216 0.991181 0.991181 0.991181
8494.690430 0.000000 489.171112 0.000000 0.966680 0.000000 0.255989 0.999095 0.999095 0.999095
8454.262695 0.000000 540.382935 0.000000 0.412240 0.000000 -0.911075 1.001716 1.001716 1.001716
8423.155273 0.000000 518.546265 0.000000 0.373587 0.000000 0.927595 0.991103 0.991103 0.991103
8470.701172 0.000000 573.434326 0.000000 0.642851 0.000000 -0.765991 1.006535 1.006535 1.006535
8457.828125 0.000000 558.094360 0.000000 0.881783 0.000000 -0.471654 1.003679 1.003679 1.003679
8439.962891 0.000000 536.788513 0.000000 0.994480 0.000000 -0.104921 1.000787 1.000787 1.000787
8448.877930 0.000000 543.042603 0.000000 0.973954 0.000000 0.226746 0.998744 0.998744 0.998744
8453.794922 0.000000 552.580688 0.000000 0.400598 0.000000 -0.916254 1.017355 1.017355 1.017355
8424.007812 0.000000 512.828918 0.000000 0.978888 0.000000 -0.204395 1.000719 1.000719 1.000719
8465.794922 0.000000 567.036377 0.000000 0.682585 0.000000 -0.730807 1.006138 1.006138 1.006138
8483.949219 0.000000 484.673401 0.000000 0.928891 0.000000 -0.370353 1.002841 1.002841 1.002841
8439.671875 0.000000 546.662781 0.000000 0.597396 0.000000 0.801946 0.997212 0.997212 0.997212
8494.525391 0.000000 500.465607 0.000000 0.775614 0.000000 -0.631207 1.004775 1.004775 1.004775
8437.751953 0.000000 541.367676 0.000000 0.519625 0.000000 0.854395 0.992328 0.992328 0.992328
8427.174805 0.000000 522.709595 0.000000 0.273945 0.000000 0.961745 0.990314 0.990314 0.990314
8456.933594 0.000000 563.050171 0.000000 0.465851 0.000000 -0.884863 1.008135 1.008135 1.008135
8452.720703 0.000000 546.177856 0.000000 0.623840 0.000000 0.781552 0.993281 0.993281 0.993281
8471.553711 0.000000 568.239136 0.000000 0.166465 0.000000 0.986047 0.989488 0.989488 0.989488
8493.516602 0.000000 493.483093 0.000000 0.160069 0.000000 0.987106 0.989439 0.989439 0.989439
8445.470703 0.000000 545.736450 0.000000 0.997466 0.000000 -0.071141 1.000498 1.000498 1.000498
8428.024414 0.000000 518.408630 0.000000 0.999998 0.000000 -0.001960 1.000015 1.000015 1.000015
8488.020508 0.000000 486.385742 0.000000 0.844955 0.000000 0.534837 0.996619 0.996619 0.996619
8467.674805 0.000000 570.848694 0.000000 0.860188 0.000000 -0.509977 1.004008 1.004008 1.004008
8453.615234 0.000000 561.028625 0.000000 0.959741 0.000000 -0.280887 1.001990 1.001990 1.001990
8485.863281 0.000000 480.271393 0.000000 0.106824 0.000000 -0.994278 1.010963 1.010963 1.010963
8454.603516 0.000000 556.133606 0.000000 0.987719 0.000000 0.156243 0.998825 0.998825 0.998825
8467.160156 0.000000 574.609741 0.000000 0.664457 0.000000 -0.747326 1.006321 1.006321 1.006321
8462.554688 0.000000 569.197449 0.000000 0.778177 0.000000 -0.628045 1.005086 1.005086 1.005086
8494.066406 0.000000 497.013916 0.000000 0.966351 0.000000 0.257229 0.998052 0.998052 0.998052
8443.209961 0.000000 538.509888 0.000000 0.752012 0.000000 -0.659150 1.005390 1.005390 1.005390
8425.712891 0.000000 515.793518 0.000000 0.847133 0.000000 0.531381 0.995804 0.995804 0.995804
8451.730469 0.000000 549.541626 0.000000 0.320367 0.000000 0.947294 0.988813 0.988813 0.988813
8451.487305 0.000000 551.962646 0.000000 0.989229 0.000000 0.146373 0.997800 0.997800 0.997800
8449.014648 0.000000 551.372681 0.000000 0.921359 0.000000 -0.388712 1.005980 1.005980 1.005980
8535.781250 0.000000 524.740845 0.000000 0.663500 0.000000 0.748176 0.993669 0.993669 0.993669
8496.180664 0.000000 480.535126 0.000000 0.968931 0.000000 -0.247329 1.001872 1.001872 1.001872
8498.346680 0.000000 496.672974 0.000000 0.996015 0.000000 0.089185 0.999331 0.999331 0.999331
8521.817383 0.000000 503.435699 0.000000 0.738894 0.000000 -0.673822 1.005538 1.005538 1.005538
8523.859375 0.000000 491.893555 0.000000 0.727144 0.000000 -0.686485 1.005667 1.005667 1.005667
8552.915039 0.000000 539.627319 0.000000 0.993810 0.000000 -0.111097 1.000834 1.000834 1.000834
8561.676758 0.000000 521.283386 0.000000 0.995551 0.000000 0.094227 0.999623 0.999623 0.999623
8543.376953 0.000000 506.744904 0.000000 0.279236 0.000000 0.960223 0.990355 0.990355 0.990355
8555.827148 0.000000 508.343964 0.000000 0.261714 0.000000 0.965145 0.990219 0.990219 0.990219
8553.551758 0.000000 522.000427 0.000000 0.524374 0.000000 -0.851488 1.007631 1.007631 1.007631
8548.505859 0.000000 532.946777 0.000000 0.420755 0.000000 0.907174 0.991488 0.991488 0.991488
8498.587891 0.000000 487.785767 0.000000 0.393577 0.000000 -0.919292 1.008735 1.008735 1.008735
8536.929688 0.000000 509.995575 0.000000 0.799475 0.000000 -0.600699 1.004826 1.004826 1.004826
8504.074219 0.000000 482.857452 0.000000 0.375289 0.000000 -0.926908 1.002961 1.002961 1.002961
8557.830078 0.000000 515.267944 0.000000 0.945589 0.000000 -0.325363 1.002482 1.002482 1.002482
8559.137695 0.000000 537.975037 0.000000 0.943661 0.000000 -0.330913 1.002526 1.002526 1.002526
8530.572266 0.000000 520.782288 0.000000 0.323345 0.000000 0.946281 0.990701 0.990701 0.990701
8520.302734 0.000000 497.198975 0.000000 0.997584 0.000000 -0.069471 1.000243 1.000243 1.000243
8514.719727 0.000000 501.974457 0.000000 0.204583 0.000000 0.978849 0.991141 0.991141 0.991141
8549.481445 0.000000 508.040741 0.000000 0.823629 0.000000 0.567129 0.995484 0.995484 0.995484
8560.235352 0.000000 526.903198 0.000000 0.417846 0.000000 0.908518 0.996586 0.996586 0.996586
8547.414062 0.000000 537.931580 0.000000 0.469891 0.000000 0.882724 0.991899 0.991899 0.991899
8538.922852 0.000000 504.298004 0.000000 0.954502 0.000000 0.298206 0.997732 0.997732 0.997732
8553.365234 0.000000 534.329285 0.000000 0.987217 0.000000 0.159379 0.998801 0.998801 0.998801
8531.187500 0.000000 526.177917 0.000000 0.969293 0.000000 -0.245909 1.001861 1.001861 1.001861
8553.145508 0.000000 512.214722 0.000000 0.467385 0.000000 0.884054 0.992419 0.992419 0.992419
8496.461914 0.000000 492.105804 0.000000 0.827437 0.000000 -0.561559 1.004466 1.004466 1.004466
8532.619141 0.000000 507.830505 0.000000 0.237972 0.000000 -0.971272 1.009965 1.009965 1.009965
8495.662109 0.000000 500.655029 0.000000 0.811628 0.000000 0.584174 0.995639 0.995639 0.995639
8565.094727 0.000000 525.089050 0.000000 0.992393 0.000000 0.123112 0.999076 0.999076 0.999076
8558.286133 0.000000 533.294312 0.000000 0.468342 0.000000 0.883547 0.992427 0.992427 0.992427
8552.850586 0.000000 504.779572 0.000000 0.998921 0.000000 -0.046441 1.000348 1.000348 1.000348
8553.375000 0.000000 517.474854 0.000000 0.963722 0.000000 -0.266908 1.002024 1.002024 1.002024
8495.117188 0.000000 484.898438 0.000000 0.949864 0.000000 -0.312663 1.002382 1.002382 1.002382
8557.288086 0.000000 519.601807 0.000000 0.911009 0.000000 0.412387 0.996816 0.996816 0.996816
8549.271484 0.000000 541.859375 0.000000 0.864871 0.000000 -0.501995 1.003414 1.003414 1.003414
8499.897461 0.000000 483.487640 0.000000 0.322709 0.000000 -0.946498 1.009304 1.009304 1.009304
8567.029297 0.000000 532.916199 0.000000 0.824004 0.000000 -0.566585 1.003308 1.003308 1.003308
8549.842773 0.000000 519.995422 0.000000 0.319526 0.000000 0.947577 0.993781 0.993781 0.993781
8502.789062 0.000000 486.944244 0.000000 0.497351 0.000000 0.867549 0.993707 0.993707 0.993707
8556.102539 0.000000 525.564392 0.000000 0.997087 0.000000 0.076274 0.999619 0.999619 0.999619
8518.632812 0.000000 500.868744 0.000000 0.834927 0.000000 0.550360 0.995635 0.995635 0.995635
8521.040039 0.000000 488.733673 0.000000 0.105674 0.000000 0.994401 0.989028 0.989028 0.989028
8517.760742 0.000000 504.732849 0.000000 0.688731 0.000000 0.725017 0.993925 0.993925 0.993925
8565.376953 0.000000 529.454468 0.000000 0.917998 0.000000 0.396585 0.996946 0.996946 0.996946
8540.733398 0.000000 509.611786 0.000000 0.243242 0.000000 -0.969966 1.009924 1.009924 1.009924
8542.472656 0.000000 503.116974 0.000000 0.974149 0.000000 -0.225905 1.001707 1.001707 1.001707
8565.122070 0.000000 520.040405 0.000000 0.412993 0.000000 0.910734 0.990280 0.990280 0.990280
8534.191406 0.000000 521.383789 0.000000 0.674414 0.000000 0.738353 0.994608 0.994608 0.994608
8556.885742 0.000000 511.826508 0.000000 0.587754 0.000000 0.809040 0.993411 0.993411 0.993411
8535.993164 0.000000 506.434296 0.000000 0.615215 0.000000 0.788359 0.993198 0.993198 0.993198
8526.609375 0.000000 489.604004 0.000000 0.383560 0.000000 -0.923516 1.007053 1.007053 1.007053
8555.660156 0.000000 537.061218 0.000000 0.960937 0.000000 -0.276768 1.002100 1.002100 1.002100
8501.719727 0.000000 480.054291 0.000000 0.672743 0.000000 -0.739876 1.006238 1.006238 1.006238
8520.812500 0.000000 493.565796 0.000000 0.798677 0.000000 -0.601760 1.004836 1.004836 1.004836
8550.735352 0.000000 536.733032 0.000000 0.986067 0.000000 -0.166351 1.001252 1.001252 1.001252
8549.265625 0.000000 523.394714 0.000000 0.851161 0.000000 0.524905 0.996137 0.996137 0.996137
8546.749023 0.000000 505.963715 0.000000 0.795527 0.000000 -0.605918 1.004550 1.004550 1.004550
8514.577148 0.000000 505.966034 0.000000 0.749960 0.000000 -0.661483 1.005413 1.005413 1.005413
8528.982422 0.000000 523.845947 0.000000 0.840937 0.000000 0.541133 0.995718 0.995718 0.995718
8577.849609 0.000000 535.082153 0.000000 0.458662 0.000000 0.888611 0.999454 0.999454 0.999454
8601.204102 0.000000 547.875427 0.000000 0.949236 0.000000 -0.314564 1.000959 1.000959 1.000959
8573.464844 0.000000 514.296265 0.000000 0.781273 0.000000 -0.624189 1.000337 1.000337 1.000337
8593.535156 0.000000 534.133240 0.000000 0.975103 0.000000 0.221750 0.998325 0.998325 0.998325
8606.641602 0.000000 561.875854 0.000000 0.402384 0.000000 0.915471 0.995380 0.995380 0.995380
8595.192383 0.000000 557.915955 0.000000 0.163739 0.000000 -0.986504 1.001404 1.001404 1.001404
8607.995117 0.000000 572.418701 0.000000 0.923707 0.000000 -0.383100 1.002945 1.002945 1.002945
8597.390625 0.000000 524.667419 0.000000 0.897642 0.000000 -0.440726 1.002735 1.002735 1.002735
8599.904297 0.000000 567.958923 0.000000 0.999790 0.000000 -0.020494 1.000154 1.000154 1.000154
8585.937500 0.000000 530.737427 0.000000 0.920630 0.000000 0.390437 0.996996 0.996996 0.996996
8567.139648 0.000000 518.546265 0.000000 0.925771 0.000000 0.378085 0.997096 0.997096 0.997096
8575.694336 0.000000 520.593323 0.000000 0.375838 0.000000 0.926685 0.991121 0.991121 0.991121
8600.382812 0.000000 530.175354 0.000000 0.743124 0.000000 -0.669154 1.005490 1.005490 1.005490
8583.947266 0.000000 536.788513 0.000000 0.992929 0.000000 -0.118713 1.000475 1.000475 1.000475
8595.021484 0.000000 564.135376 0.000000 0.210020 0.000000 -0.977697 1.004072 1.004072 1.004072
8595.970703 0.000000 572.746826 0.000000 0.953064 0.000000 0.302768 0.998925 0.998925 0.998925
8592.862305 0.000000 543.042603 0.000000 0.966501 0.000000 -0.256663 1.001296 1.001296 1.001296
8571.245117 0.000000 531.457947 0.000000 0.576716 0.000000 -0.816945 1.007161 1.007161 1.007161
8597.779297 0.000000 552.580688 0.000000 0.865515 0.000000 0.500883 0.996071 0.996071 0.996071
8609.779297 0.000000 567.036377 0.000000 0.070301 0.000000 0.997526 0.977525 0.977525 0.977525
8580.677734 0.000000 528.552673 0.000000 0.578417 0.000000 0.815741 0.992855 0.992855 0.992855
8593.425781 0.000000 528.766663 0.000000 0.999793 0.000000 -0.020367 1.000153 1.000153 1.000153
8590.662109 0.000000 538.379700 0.000000 0.914198 0.000000 0.405268 0.996875 0.996875 0.996875
8571.159180 0.000000 522.709595 0.000000 0.371486 0.000000 0.928439 0.988709 0.988709 0.988709
8600.917969 0.000000 563.050171 0.000000 0.393024 0.000000 -0.919528 1.008739 1.008739 1.008739
8604.608398 0.000000 566.234619 0.000000 0.268411 0.000000 0.963305 0.983784 0.983784 0.983784
8603.402344 0.000000 570.859009 0.000000 0.230885 0.000000 -0.972981 1.018036 1.018036 1.018036
8588.042969 0.000000 534.718689 0.000000 0.161478 0.000000 0.986876 0.989450 0.989450 0.989450
8582.014648 0.000000 532.754578 0.000000 0.965701 0.000000 0.259655 0.998033 0.998033 0.998033
8602.202148 0.000000 552.176025 0.000000 0.540135 0.000000 -0.841579 1.007491 1.007491 1.007491
8585.672852 0.000000 526.414124 0.000000 0.994199 0.000000 -0.107559 1.000807 1.000807 1.000807
8578.265625 0.000000 523.932800 0.000000 0.920268 0.000000 -0.391289 1.003011 1.003011 1.003011
8572.008789 0.000000 518.408630 0.000000 0.799071 0.000000 0.601236 0.995169 0.995169 0.995169
8594.867188 0.000000 538.008728 0.000000 0.896533 0.000000 -0.442978 1.003437 1.003437 1.003437
8589.958984 0.000000 531.092407 0.000000 0.788745 0.000000 -0.614721 1.003636 1.003636 1.003636
8595.509766 0.000000 568.110840 0.000000 0.454588 0.000000 -0.890702 1.008230 1.008230 1.008230
8571.186523 0.000000 527.062744 0.000000 0.722014 0.000000 0.691878 0.992751 0.992751 0.992751
8611.659180 0.000000 570.848694 0.000000 0.988826 0.000000 0.149074 0.998655 0.998655 0.998655
8596.487305 0.000000 531.186584 0.000000 0.964891 0.000000 0.262652 0.998010 0.998010 0.998010
8599.968750 0.000000 572.588562 0.000000 0.829212 0.000000 0.558934 0.995558 0.995558 0.995558
8568.155273 0.000000 529.465515 0.000000 0.432613 0.000000 -0.901580 1.008414 1.008414 1.008414
8598.587891 0.000000 556.133606 0.000000 0.909906 0.000000 -0.414814 1.003204 1.003204 1.003204
8568.165039 0.000000 533.281616 0.000000 0.472404 0.000000 -0.881382 1.008080 1.008080 1.008080
8606.539062 0.000000 569.197449 0.000000 0.999649 0.000000 -0.026488 1.000397 1.000397 1.000397
8567.280273 0.000000 522.227356 0.000000 0.903333 0.000000 -0.428940 1.006641 1.006641 1.006641
8574.658203 0.000000 523.846252 0.000000 0.254037 0.000000 -0.967194 1.009841 1.009841 1.009841
8587.194336 0.000000 538.509888 0.000000 0.069832 0.000000 -0.997559 1.011241 1.011241 1.011241
8597.937500 0.000000 527.961853 0.000000 0.913763 0.000000 -0.406248 1.003133 1.003133 1.003133
8598.104492 0.000000 565.152039 0.000000 0.528588 0.000000 -0.848878 1.007593 1.007593 1.007593
8609.229492 0.000000 569.623535 0.000000 0.339590 0.000000 0.940574 0.981661 0.981661 0.981661
8602.687500 0.000000 568.277954 0.000000 0.999038 0.000000 -0.043862 1.000548 1.000548 1.000548
8569.641602 0.000000 524.858704 0.000000 0.831032 0.000000 0.556224 0.991459 0.991459 0.991459
8374.680664 0.000000 664.482910 0.000000 0.085297 0.000000 0.996356 0.993325 0.993325 0.993325
8391.796875 0.000000 620.725281 0.000000 0.875851 0.000000 0.482581 0.998743 0.998743 0.998743
8352.196289 0.000000 576.519531 0.000000 0.999973 0.000000 0.007306 0.999989 0.999989 0.999989
8354.362305 0.000000 592.657410 0.000000 0.914397 0.000000 -0.404819 1.004578 1.004578 1.004578
8367.038086 0.000000 577.363586 0.000000 0.999960 0.000000 -0.008970 1.000067 1.000067 1.000067
8367.440430 0.000000 603.334595 0.000000 0.729756 0.000000 0.683707 0.997745 0.997745 0.997745
8388.595703 0.000000 630.871765 0.000000 0.689891 0.000000 0.723913 0.993937 0.993937 0.993937
8383.927734 0.000000 663.943359 0.000000 0.812775 0.000000 -0.582578 1.001863 1.001863 1.001863
8362.205078 0.000000 596.655151 0.000000 0.930754 0.000000 0.365646 0.997196 0.997196 0.997196
8360.015625 0.000000 603.511047 0.000000 0.999977 0.000000 -0.006830 1.000051 1.000051 1.000051
8384.406250 0.000000 626.159790 0.000000 0.492932 0.000000 -0.870068 1.007904 1.007904 1.007904
8379.994141 0.000000 668.731262 0.000000 0.147891 0.000000 0.989004 0.989347 0.989347 0.989347
8387.012695 0.000000 671.383423 0.000000 0.938162 0.000000 -0.346196 1.002471 1.002471 1.002471
8391.420898 0.000000 626.071777 0.000000 0.927131 0.000000 -0.374737 1.002877 1.002877 1.002877
8387.203125 0.000000 622.162354 0.000000 0.802271 0.000000 -0.596960 1.004791 1.004791 1.004791
8351.677734 0.000000 596.639404 0.000000 0.217332 0.000000 0.976098 0.982452 0.982452 0.982452
8351.132812 0.000000 580.882812 0.000000 0.986852 0.000000 -0.161628 1.001216 1.001216 1.001216
8379.533203 0.000000 664.095276 0.000000 0.397297 0.000000 -0.917690 1.008705 1.008705 1.008705
8383.992188 0.000000 668.572998 0.000000 0.288544 0.000000 0.957467 0.990428 0.990428 0.990428
8362.736328 0.000000 600.498657 0.000000 0.137260 0.000000 -0.990535 1.010733 1.010733 1.010733
8363.739258 0.000000 604.499634 0.000000 0.980465 0.000000 0.196696 0.998715 0.998715 0.998715
8363.300781 0.000000 576.408081 0.000000 0.948275 0.000000 -0.317451 1.002258 1.002258 1.002258
8387.955078 0.000000 627.307495 0.000000 0.894545 0.000000 0.446978 0.996529 0.996529 0.996529
8359.213867 0.000000 600.007568 0.000000 0.933032 0.000000 0.359792 0.997060 0.997060 0.997060
8391.852539 0.000000 629.456238 0.000000 0.973153 0.000000 -0.230161 1.001739 1.001739 1.001739
8354.655273 0.000000 601.575806 0.000000 0.752167 0.000000 -0.658973 1.010418 1.010418 1.010418
8385.466797 0.000000 629.358276 0.000000 0.970989 0.000000 -0.239123 1.001809 1.001809 1.001809
8354.762695 0.000000 595.929443 0.000000 0.981025 0.000000 -0.193882 1.002923 1.002923 1.002923
8352.298828 0.000000 599.476440 0.000000 0.880028 0.000000 -0.474922 1.007413 1.007413 1.007413
8357.106445 0.000000 592.172424 0.000000 0.904413 0.000000 -0.426658 1.004842 1.004842 1.004842
8356.263672 0.000000 594.268677 0.000000 0.488682 0.000000 -0.872462 1.015881 1.015881 1.015881
8482.541992 0.000000 646.029480 0.000000 0.860803 0.000000 -0.508938 1.002133 1.002133 1.002133
8462.107422 0.000000 599.310974 0.000000 0.157441 0.000000 0.987528 0.985893 0.985893 0.985893
8483.037109 0.000000 625.498474 0.000000 0.150907 0.000000 0.988548 0.999291 0.999291 0.999291
8476.047852 0.000000 665.258362 0.000000 0.414564 0.000000 -0.910020 1.008563 1.008563 1.008563
8462.583984 0.000000 586.885803 0.000000 0.906519 0.000000 0.422165 0.994560 0.994560 0.994560
8451.867188 0.000000 587.877991 0.000000 0.933482 0.000000 0.358624 0.999084 0.999084 0.999084
8480.922852 0.000000 635.611755 0.000000 0.624849 0.000000 -0.780745 1.006710 1.006710 1.006710
8471.384766 0.000000 602.729309 0.000000 0.389290 0.000000 -0.921115 1.008770 1.008770 1.008770
8487.562500 0.000000 667.595154 0.000000 0.276180 0.000000 -0.961106 1.001289 1.001289 1.001289
8475.704102 0.000000 641.880798 0.000000 0.800803 0.000000 -0.598928 1.004489 1.004489 1.004489
8476.513672 0.000000 628.931213 0.000000 0.713482 0.000000 0.700674 0.994185 0.994185 0.994185
8468.878906 0.000000 595.759399 0.000000 0.450299 0.000000 0.892878 0.991734 0.991734 0.991734
8456.932617 0.000000 582.716919 0.000000 0.999989 0.000000 0.004702 0.999965 0.999965 0.999965
8476.773438 0.000000 648.634705 0.000000 0.719177 0.000000 -0.694827 1.004219 1.004219 1.004219
8481.902344 0.000000 669.190796 0.000000 0.341999 0.000000 -0.939700 1.018301 1.018301 1.018301
8457.158203 0.000000 588.571289 0.000000 0.980306 0.000000 -0.197485 1.001489 1.001489 1.001489
8483.004883 0.000000 640.810913 0.000000 0.984351 0.000000 0.176217 0.998673 0.998673 0.998673
8467.443359 0.000000 589.216553 0.000000 0.999439 0.000000 0.033487 0.999749 0.999749 0.999749
8476.037109 0.000000 670.547791 0.000000 0.056990 0.000000 -0.998375 1.008314 1.008314 1.008314
8476.952148 0.000000 659.748901 0.000000 0.885070 0.000000 -0.465458 1.003626 1.003626 1.003626
8475.421875 0.000000 633.916016 0.000000 0.950901 0.000000 0.309495 0.997643 0.997643 0.997643
8481.373047 0.000000 630.313721 0.000000 0.979599 0.000000 0.200964 0.998485 0.998485 0.998485
8460.626953 0.000000 603.814880 0.000000 0.479432 0.000000 0.877579 0.996257 0.996257 0.996257
8480.506836 0.000000 652.202881 0.000000 0.080854 0.000000 -0.996726 1.005207 1.005207 1.005207
8485.624023 0.000000 671.659241 0.000000 0.596893 0.000000 0.802321 0.993026 0.993026 0.993026
8477.279297 0.000000 637.843811 0.000000 0.703463 0.000000 -0.710732 1.008289 1.008289 1.008289
8478.650391 0.000000 644.687012 0.000000 0.895875 0.000000 0.444306 0.996552 0.996552 0.996552
8459.312500 0.000000 591.799683 0.000000 0.318050 0.000000 -0.948074 1.009341 1.009341 1.009341
8468.741211 0.000000 605.596191 0.000000 0.079564 0.000000 0.996830 0.988832 0.988832 0.988832
8465.128906 0.000000 596.837036 0.000000 0.417526 0.000000 0.908665 0.988046 0.988046 0.988046
8479.209961 0.000000 626.360474 0.000000 0.993634 0.000000 -0.112654 1.000846 1.000846 1.000846
8470.480469 0.000000 599.101379 0.000000 0.375903 0.000000 0.926659 0.984611 0.984611 0.984611
8464.000977 0.000000 602.418701 0.000000 0.479335 0.000000 -0.877632 1.008021 1.008021 1.008021
8454.617188 0.000000 585.588440 0.000000 0.364931 0.000000 -0.931034 1.008967 1.008967 1.008967
8483.667969 0.000000 633.045654 0.000000 0.074021 0.000000 -0.997257 1.011210 1.011210 1.011210
8479.190430 0.000000 641.022278 0.000000 0.999698 0.000000 0.024591 0.999816 0.999816 0.999816
8484.356445 0.000000 665.955200 0.000000 0.074744 0.000000 0.997203 0.988049 0.988049 0.988049
8477.406250 0.000000 599.890808 0.000000 0.973486 0.000000 -0.228748 1.001729 1.001729 1.001729
8469.317383 0.000000 592.264587 0.000000 0.462362 0.000000 0.886691 0.991835 0.991835 0.991835
8459.554688 0.000000 585.161987 0.000000 0.995774 0.000000 -0.091834 1.000689 1.000689 1.000689
8478.743164 0.000000 632.717468 0.000000 0.713732 0.000000 0.700419 0.994188 0.994188 0.994188
8474.756836 0.000000 601.948120 0.000000 0.889040 0.000000 -0.457830 1.003562 1.003562 1.003562
8478.328125 0.000000 662.863831 0.000000 0.041906 0.000000 0.999122 0.988549 0.988549 0.988549
8474.481445 0.000000 657.586060 0.000000 0.554730 0.000000 0.832031 0.992639 0.992639 0.992639
8464.193359 0.000000 589.783020 0.000000 0.181438 0.000000 0.983402 0.985442 0.985442 0.985442
8460.306641 0.000000 588.932983 0.000000 0.512378 0.000000 0.858760 0.987107 0.987107 0.987107
8481.001953 0.000000 638.537659 0.000000 0.419213 0.000000 -0.907888 1.012503 1.012503 1.012503
8471.688477 0.000000 596.333862 0.000000 0.261759 0.000000 0.965133 0.981090 0.981090 0.981090
8485.223633 0.000000 669.013489 0.000000 0.257037 0.000000 0.966402 0.984292 0.984292 0.984292
8468.894531 0.000000 601.890930 0.000000 0.173484 0.000000 -0.984837 1.018129 1.018129 1.018129
8479.589844 0.000000 670.237061 0.000000 0.993284 0.000000 0.115706 0.998552 0.998552 0.998552
8467.355469 0.000000 597.784668 0.000000 0.525092 0.000000 0.851045 0.986785 0.986785 0.986785
8482.164062 0.000000 666.885132 0.000000 0.551772 0.000000 -0.833995 1.014774 1.014774 1.014774
8401.238281 0.000000 675.507080 0.000000 0.691667 0.000000 0.722217 0.997179 0.997179 0.997179
8411.044922 0.000000 721.482849 0.000000 0.626116 0.000000 0.779730 0.993303 0.993303 0.993303
8381.605469 0.000000 672.200989 0.000000 0.754708 0.000000 0.656061 0.994641 0.994641 0.994641
8407.411133 0.000000 691.953186 0.000000 0.988452 0.000000 -0.151533 1.001139 1.001139 1.001139
8405.323242 0.000000 707.090515 0.000000 0.754739 0.000000 0.656025 0.994641 0.994641 0.994641
8399.392578 0.000000 698.713684 0.000000 0.905102 0.000000 0.425195 0.999561 0.999561 0.999561
8400.678711 0.000000 684.891174 0.000000 0.009771 0.000000 0.999952 0.984411 0.984411 0.984411
8411.842773 0.000000 700.312744 0.000000 0.246149 0.000000 0.969232 0.993399 0.993399 0.993399
8418.861328 0.000000 724.229553 0.000000 0.992479 0.000000 -0.122417 1.000919 1.000919 1.000919
8409.567383 0.000000 713.969177 0.000000 0.918112 0.000000 0.396321 0.996948 0.996948 0.996948
8413.845703 0.000000 707.236755 0.000000 0.440540 0.000000 0.897733 0.996104 0.996104 0.996104
8405.497070 0.000000 700.009521 0.000000 0.955667 0.000000 0.294448 0.997761 0.997761 0.997761
8416.250977 0.000000 718.871948 0.000000 0.033670 0.000000 0.999433 0.990023 0.990023 0.990023
8406.558594 0.000000 677.366882 0.000000 0.177355 0.000000 0.984147 0.995133 0.995133 0.995133
8405.984375 0.000000 686.678284 0.000000 0.779173 0.000000 -0.626809 1.009471 1.009471 1.009471
8402.339844 0.000000 693.924255 0.000000 0.719836 0.000000 -0.694145 1.005746 1.005746 1.005746
8387.074219 0.000000 673.644897 0.000000 0.614595 0.000000 0.788843 0.993646 0.993646 0.993646
8406.837891 0.000000 718.443726 0.000000 0.978655 0.000000 0.205509 0.998967 0.998967 0.998967
8402.724609 0.000000 680.401672 0.000000 0.163456 0.000000 0.986551 0.989465 0.989465 0.989465
8409.161133 0.000000 704.183533 0.000000 0.797729 0.000000 0.603017 0.995152 0.995152 0.995152
8408.866211 0.000000 696.748352 0.000000 0.087112 0.000000 -0.996199 1.011111 1.011111 1.011111
8409.390625 0.000000 709.443604 0.000000 0.906230 0.000000 0.422785 0.996731 0.996731 0.996731
8400.722656 0.000000 689.380920 0.000000 0.196894 0.000000 0.980425 0.984237 0.984237 0.984237
8413.303711 0.000000 711.570557 0.000000 0.170883 0.000000 -0.985291 1.010478 1.010478 1.010478
8377.361328 0.000000 673.672241 0.000000 0.886606 0.000000 0.462526 0.996639 0.996639 0.996639
8423.044922 0.000000 724.885010 0.000000 0.799582 0.000000 0.600557 0.995175 0.995175 0.995175
8405.858398 0.000000 711.964172 0.000000 0.588295 0.000000 0.808646 0.992946 0.992946 0.992946
8420.070312 0.000000 728.410217 0.000000 0.856987 0.000000 -0.515337 1.002703 1.002703 1.002703
8412.118164 0.000000 717.533142 0.000000 0.092164 0.000000 -0.995744 1.011073 1.011073 1.011073
8421.392578 0.000000 721.423218 0.000000 0.659317 0.000000 0.751865 0.993627 0.993627 0.993627
8403.698242 0.000000 703.381958 0.000000 0.993133 0.000000 0.116993 0.999122 0.999122 0.999122
8405.931641 0.000000 682.529053 0.000000 0.626917 0.000000 -0.779086 1.006690 1.006690 1.006690
8404.315430 0.000000 689.945496 0.000000 0.440800 0.000000 -0.897605 1.012240 1.012240 1.012240
8383.731445 0.000000 675.270264 0.000000 0.286566 0.000000 -0.958061 1.009588 1.009588 1.009588
8405.414062 0.000000 695.875183 0.000000 0.879955 0.000000 -0.475058 1.003708 1.003708 1.003708
8414.588867 0.000000 714.943176 0.000000 0.134048 0.000000 -0.990975 1.010758 1.010758 1.010758
8402.764648 0.000000 697.932495 0.000000 0.924491 0.000000 -0.381205 1.002929 1.002929 1.002929
8414.437500 0.000000 721.820557 0.000000 0.691007 0.000000 -0.722848 1.006051 1.006051 1.006051
8417.821289 0.000000 721.440552 0.000000 0.059191 0.000000 0.998247 0.984905 0.984905 0.984905
8403.613281 0.000000 684.561707 0.000000 0.971573 0.000000 -0.236742 1.002387 1.002387 1.002387
8402.969727 0.000000 687.345520 0.000000 0.270558 0.000000 0.962704 0.980574 0.980574 0.980574
8492.858398 0.000000 703.202881 0.000000 0.825995 0.000000 0.563677 0.995515 0.995515 0.995515
8489.086914 0.000000 674.472900 0.000000 0.842151 0.000000 0.539242 0.995734 0.995734 0.995734
8423.347656 0.000000 717.949890 0.000000 0.982264 0.000000 0.187502 0.999717 0.999717 0.999717
8483.834961 0.000000 700.312744 0.000000 0.969385 0.000000 0.245545 0.999133 0.999133 0.999133
8480.993164 0.000000 671.929260 0.000000 0.656814 0.000000 0.754053 0.989337 0.989337 0.989337
8425.052734 0.000000 728.961731 0.000000 0.396796 0.000000 0.917907 0.991291 0.991291 0.991291
8494.690430 0.000000 681.139893 0.000000 0.546390 0.000000 -0.837531 1.007435 1.007435 1.007435
8431.609375 0.000000 767.329163 0.000000 0.915203 0.000000 -0.402993 1.001243 1.001243 1.001243
8490.457031 0.000000 696.153137 0.000000 0.749272 0.000000 -0.662263 1.005421 1.005421 1.005421
8427.260742 0.000000 723.426697 0.000000 0.940349 0.000000 0.340211 0.997400 0.997400 0.997400
8483.949219 0.000000 676.642212 0.000000 0.934949 0.000000 0.354781 0.997284 0.997284 0.997284
8488.286133 0.000000 701.988647 0.000000 0.277014 0.000000 -0.960866 1.009663 1.009663 1.009663
8476.260742 0.000000 672.132263 0.000000 0.518626 0.000000 -0.855001 1.004097 1.004097 1.004097
8429.472656 0.000000 727.619812 0.000000 0.666091 0.000000 -0.745870 1.003783 1.003783 1.003783
8495.037109 0.000000 724.885010 0.000000 0.091702 0.000000 -0.995786 1.011077 1.011077 1.011077
8488.593750 0.000000 692.559692 0.000000 0.778330 0.000000 0.627855 0.994916 0.994916 0.994916
8486.950195 0.000000 697.973328 0.000000 0.972354 0.000000 0.233512 0.998235 0.998235 0.998235
8485.863281 0.000000 672.240173 0.000000 0.977439 0.000000 -0.211216 1.001594 1.001594 1.001594
8493.401367 0.000000 699.155396 0.000000 0.999896 0.000000 -0.014421 1.000108 1.000108 1.000108
8424.170898 0.000000 721.434265 0.000000 0.786839 0.000000 0.617159 0.995018 0.995018 0.995018
8424.180664 0.000000 725.250366 0.000000 0.882992 0.000000 -0.469389 1.003659 1.003659 1.003659
8481.039062 0.000000 675.283630 0.000000 0.369856 0.000000 -0.929089 1.008927 1.008927 1.008927
8490.059570 0.000000 699.381592 0.000000 0.926500 0.000000 0.376295 0.997111 0.997111 0.997111
8503.601562 0.000000 671.344788 0.000000 0.874230 0.000000 -0.485512 1.003797 1.003797 1.003797
8500.787109 0.000000 668.251038 0.000000 0.995386 0.000000 0.095947 0.999280 0.999280 0.999280
8498.087891 0.000000 670.565491 0.000000 0.987229 0.000000 0.159305 0.998802 0.998802 0.998802
8606.568359 0.000000 586.885803 0.000000 0.348502 0.000000 0.937308 0.993934 0.993934 0.993934
8616.655273 0.000000 588.906799 0.000000 0.999010 0.000000 0.044493 0.999733 0.999733 0.999733
8612.863281 0.000000 595.759399 0.000000 0.998344 0.000000 0.057524 0.999569 0.999569 0.999569
8607.324219 0.000000 592.878174 0.000000 0.997878 0.000000 -0.065109 1.000325 1.000325 1.000325
8611.427734 0.000000 589.216553 0.000000 0.594274 0.000000 -0.804263 1.006999 1.006999 1.006999
8616.699219 0.000000 593.396545 0.000000 0.080335 0.000000 0.996768 0.988838 0.988838 0.988838
8613.301758 0.000000 592.264587 0.000000 0.131425 0.000000 -0.991326 1.010777 1.010777 1.010777
8608.177734 0.000000 589.783020 0.000000 0.711831 0.000000 -0.702351 1.005832 1.005832 1.005832
8518.665039 0.000000 760.467285 0.000000 0.740836 0.000000 0.671686 0.991910 0.991910 0.991910
8496.180664 0.000000 672.503906 0.000000 0.950588 0.000000 0.310456 0.997636 0.997636 0.997636
8501.472656 0.000000 706.265076 0.000000 0.313674 0.000000 -0.949531 1.008750 1.008750 1.008750
8495.339844 0.000000 717.949890 0.000000 0.706682 0.000000 0.707532 0.999215 0.999215 0.999215
8511.424805 0.000000 699.318970 0.000000 0.745458 0.000000 -0.666553 1.005464 1.005464 1.005464
8514.823242 0.000000 734.203613 0.000000 0.941801 0.000000 -0.336171 1.002568 1.002568 1.002568
8495.192383 0.000000 698.251221 0.000000 0.994461 0.000000 0.105111 0.999211 0.999211 0.999211
8505.791016 0.000000 681.930176 0.000000 0.644311 0.000000 -0.764763 1.001739 1.001739 1.001739
8520.193359 0.000000 741.211853 0.000000 0.996204 0.000000 -0.087054 1.000522 1.000522 1.000522
8515.056641 0.000000 752.563965 0.000000 0.504925 0.000000 -0.863163 1.012481 1.012481 1.012481
8497.044922 0.000000 728.961731 0.000000 0.173626 0.000000 0.984812 0.989542 0.989542 0.989542
8511.958984 0.000000 707.323975 0.000000 0.194806 0.000000 -0.980842 1.010296 1.010296 1.010296
8495.147461 0.000000 710.515015 0.000000 0.774283 0.000000 0.632839 0.996921 0.996921 0.996921
8498.587891 0.000000 679.754578 0.000000 0.337319 0.000000 0.941390 0.990812 0.990812 0.990812
8504.074219 0.000000 674.826233 0.000000 0.693492 0.000000 0.720464 0.996787 0.996787 0.996787
8503.702148 0.000000 712.562134 0.000000 0.706117 0.000000 -0.708095 1.005893 1.005893 1.005893
8511.955078 0.000000 728.757263 0.000000 0.998373 0.000000 -0.057029 1.000228 1.000228 1.000228
8523.978516 0.000000 764.715637 0.000000 0.875244 0.000000 -0.483682 1.003781 1.003781 1.003781
8520.870117 0.000000 735.011353 0.000000 0.485481 0.000000 -0.874247 1.007968 1.007968 1.007968
8513.129883 0.000000 758.277222 0.000000 0.999779 0.000000 -0.021020 1.000315 1.000315 1.000315
8500.541992 0.000000 733.624329 0.000000 0.958062 0.000000 0.286560 0.998839 0.998839 0.998839
8499.252930 0.000000 723.426697 0.000000 0.806763 0.000000 0.590875 0.995265 0.995265 0.995265
8507.136719 0.000000 704.300659 0.000000 0.400514 0.000000 0.916291 0.991322 0.991322 0.991322
8515.746094 0.000000 711.363831 0.000000 0.648280 0.000000 -0.761402 1.003457 1.003457 1.003457
8518.669922 0.000000 730.348511 0.000000 0.735704 0.000000 0.677303 0.996285 0.996285 0.996285
8509.744141 0.000000 733.336426 0.000000 0.206780 0.000000 0.978387 0.994557 0.994557 0.994557
8499.166992 0.000000 714.678406 0.000000 0.968568 0.000000 -0.248749 1.001883 1.001883 1.001883
8499.071289 0.000000 701.034851 0.000000 0.153546 0.000000 -0.988142 1.009903 1.009903 1.009903
8496.461914 0.000000 684.074585 0.000000 0.247731 0.000000 -0.968829 1.009890 1.009890 1.009890
8508.224609 0.000000 710.631165 0.000000 0.888321 0.000000 -0.459223 1.003573 1.003573 1.003573
8515.687500 0.000000 741.829041 0.000000 0.883981 0.000000 -0.467522 1.002915 1.002915 1.002915
8514.304688 0.000000 703.417603 0.000000 0.529369 0.000000 0.848392 0.995954 0.995954 0.995954
8515.332031 0.000000 763.852478 0.000000 0.076520 0.000000 0.997068 0.982840 0.982840 0.982840
8510.397461 0.000000 753.045959 0.000000 0.999820 0.000000 -0.018983 1.000142 1.000142 1.000142
8501.464844 0.000000 727.619812 0.000000 0.934697 0.000000 -0.355445 1.002722 1.002722 1.002722
8495.117188 0.000000 676.867188 0.000000 0.532989 0.000000 0.846122 0.994964 0.994964 0.994964
8519.726562 0.000000 752.548096 0.000000 0.967738 0.000000 0.251960 0.997838 0.997838 0.997838
8517.462891 0.000000 737.705261 0.000000 0.777879 0.000000 -0.628415 1.005089 1.005089 1.005089
8500.730469 0.000000 683.965454 0.000000 0.984292 0.000000 0.176546 0.998671 0.998671 0.998671
8499.897461 0.000000 675.456421 0.000000 0.233807 0.000000 0.972283 0.990003 0.990003 0.990003
8500.016602 0.000000 710.377441 0.000000 0.373843 0.000000 0.927492 0.991105 0.991105 0.991105
8502.789062 0.000000 678.913025 0.000000 0.893297 0.000000 0.449468 0.996509 0.996509 0.996509
8503.882812 0.000000 723.240356 0.000000 0.563140 0.000000 0.826362 0.994658 0.994658 0.994658
8519.879883 0.000000 764.288147 0.000000 0.694206 0.000000 0.719777 0.993982 0.993982 0.993982
8507.723633 0.000000 700.484009 0.000000 0.418076 0.000000 -0.908412 1.008534 1.008534 1.008534
8511.893555 0.000000 711.239624 0.000000 0.059158 0.000000 0.998249 0.988679 0.988679 0.988679
8510.615234 0.000000 703.116272 0.000000 0.127806 0.000000 -0.991799 1.010805 1.010805 1.010805
8496.172852 0.000000 725.250366 0.000000 0.559608 0.000000 -0.828757 1.007316 1.007316 1.007316
8501.719727 0.000000 672.023071 0.000000 0.579448 0.000000 0.815009 0.992864 0.992864 0.992864
8502.666016 0.000000 715.815002 0.000000 0.882052 0.000000 0.471151 0.996326 0.996326 0.996326
8515.202148 0.000000 730.478699 0.000000 0.971207 0.000000 -0.238237 1.001802 1.001802 1.001802
8498.639648 0.000000 697.560181 0.000000 0.724831 0.000000 -0.688927 1.005692 1.005692 1.005692
8495.206055 0.000000 680.905396 0.000000 0.729243 0.000000 0.684255 0.994356 0.994356 0.994356
8508.361328 0.000000 707.309021 0.000000 0.756142 0.000000 0.654408 0.994657 0.994657 0.994657
8510.092773 0.000000 756.947388 0.000000 0.654571 0.000000 -0.756000 1.009416 1.009416 1.009416
8512.592773 0.000000 761.604370 0.000000 0.636657 0.000000 0.771147 0.986809 0.986809 0.986809
8512.808594 0.000000 755.103271 0.000000 0.103498 0.000000 -0.994630 1.019779 1.019779 1.019779
8515.744141 0.000000 759.913757 0.000000 0.373355 0.000000 0.927689 0.982202 0.982202 0.982202
8515.349609 0.000000 757.663574 0.000000 0.895436 0.000000 0.445191 0.993089 0.993089 0.993089
8338.557617 0.000000 837.998230 0.000000 0.952765 0.000000 0.303708 0.999846 0.999846 0.999846
8332.400391 0.000000 846.638611 0.000000 0.994849 0.000000 0.101366 0.999240 0.999240 0.999240
8341.080078 0.000000 844.952393 0.000000 0.680230 0.000000 -0.732999 1.005340 1.005340 1.005340
8344.508789 0.000000 833.778076 0.000000 0.830533 0.000000 0.556970 0.995576 0.995576 0.995576
8332.789062 0.000000 840.603455 0.000000 0.056201 0.000000 -0.998419 1.011344 1.011344 1.011344
8336.522461 0.000000 844.171631 0.000000 0.999857 0.000000 0.016939 0.999873 0.999873 0.999873
8348.195312 0.000000 836.647583 0.000000 0.339690 0.000000 -0.940537 1.009169 1.009169 1.009169
8336.343750 0.000000 848.451538 0.000000 0.235212 0.000000 0.971944 0.993342 0.993342 0.993342
8345.080078 0.000000 829.648804 0.000000 0.636202 0.000000 0.771522 0.994280 0.994280 0.994280
8348.366211 0.000000 832.345093 0.000000 0.996739 0.000000 -0.080695 1.000605 1.000605 1.000605
8336.232422 0.000000 840.976440 0.000000 0.699461 0.000000 0.714670 0.994037 0.994037 0.994037
8374.680664 0.000000 856.451660 0.000000 0.998521 0.000000 -0.054366 1.000407 1.000407 1.000407
8420.866211 0.000000 799.187256 0.000000 0.944900 0.000000 0.327359 0.999833 0.999833 0.999833
8421.240234 0.000000 828.359985 0.000000 0.338602 0.000000 0.940930 0.994493 0.994493 0.994493
8351.289062 0.000000 833.204834 0.000000 0.823074 0.000000 -0.567934 1.004524 1.004524 1.004524
8363.002930 0.000000 852.097900 0.000000 0.758950 0.000000 -0.651150 1.002478 1.002478 1.002478
8392.018555 0.000000 860.371887 0.000000 0.851609 0.000000 -0.524177 1.002204 1.002204 1.002204
8409.723633 0.000000 777.757141 0.000000 0.417809 0.000000 -0.908535 1.008536 1.008536 1.008536
8408.930664 0.000000 827.580505 0.000000 0.854511 0.000000 0.519434 0.996182 0.996182 0.996182
8417.692383 0.000000 809.236511 0.000000 0.930320 0.000000 -0.366748 1.001125 1.001125 1.001125
8402.061523 0.000000 812.600403 0.000000 0.649601 0.000000 -0.760275 1.006469 1.006469 1.006469
8371.072266 0.000000 848.548340 0.000000 0.931593 0.000000 -0.363503 1.002786 1.002786 1.002786
8366.422852 0.000000 859.857239 0.000000 0.998060 0.000000 0.062256 0.999720 0.999720 0.999720
8419.467773 0.000000 841.315796 0.000000 0.668235 0.000000 -0.743950 1.002932 1.002932 1.002932
8403.711914 0.000000 833.849548 0.000000 0.989396 0.000000 -0.145243 1.000946 1.000946 1.000946
8409.567383 0.000000 809.953552 0.000000 0.523057 0.000000 -0.852298 1.007642 1.007642 1.007642
8416.500977 0.000000 833.778076 0.000000 0.971852 0.000000 0.235591 0.997625 0.997625 0.997625
8413.845703 0.000000 803.221130 0.000000 0.125453 0.000000 -0.992100 1.010823 1.010823 1.010823
8373.748047 0.000000 863.831421 0.000000 0.199823 0.000000 0.979832 0.991110 0.991110 0.991110
8415.153320 0.000000 825.928162 0.000000 0.019418 0.000000 0.999811 0.988381 0.988381 0.988381
8412.280273 0.000000 783.865479 0.000000 0.938137 0.000000 0.346265 0.997352 0.997352 0.997352
8379.994141 0.000000 860.700012 0.000000 0.655197 0.000000 0.755458 0.993586 0.993586 0.993586
8369.145508 0.000000 854.261597 0.000000 0.428537 0.000000 -0.903524 1.008448 1.008448 1.008448
8356.600586 0.000000 835.503296 0.000000 0.390321 0.000000 0.920679 0.994743 0.994743 0.994743
8405.984375 0.000000 782.662659 0.000000 0.025345 0.000000 -0.999679 1.008488 1.008488 1.008488
8422.533203 0.000000 788.418762 0.000000 0.632438 0.000000 0.774611 0.997345 0.997345 0.997345
8411.012695 0.000000 832.779663 0.000000 0.786741 0.000000 0.617283 0.990035 0.990035 0.990035
8404.044922 0.000000 862.516541 0.000000 0.586310 0.000000 -0.810087 1.007072 1.007072 1.007072
8406.837891 0.000000 814.428101 0.000000 0.664092 0.000000 0.747651 0.995783 0.995783 0.995783
8401.687500 0.000000 806.901611 0.000000 0.481377 0.000000 0.876514 0.996799 0.996799 0.996799
8415.444336 0.000000 838.467773 0.000000 0.410414 0.000000 0.911899 0.991403 0.991403 0.991403
8420.187500 0.000000 836.647583 0.000000 0.834379 0.000000 -0.551191 1.004372 1.004372 1.004372
8401.343750 0.000000 817.350891 0.000000 0.585403 0.000000 0.810742 0.992919 0.992919 0.992919
8387.425781 0.000000 858.812134 0.000000 0.415632 0.000000 -0.909533 1.008554 1.008554 1.008554
8371.347656 0.000000 859.836853 0.000000 0.245346 0.000000 0.969436 0.986789 0.986789 0.986789
8409.390625 0.000000 805.427979 0.000000 0.703183 0.000000 0.711009 0.994076 0.994076 0.994076
8366.413086 0.000000 849.030334 0.000000 0.965808 0.000000 -0.259257 1.001964 1.001964 1.001964
8352.650391 0.000000 837.561768 0.000000 0.918462 0.000000 -0.395510 1.003045 1.003045 1.003045
8368.168945 0.000000 844.875305 0.000000 0.570825 0.000000 -0.821072 1.007215 1.007215 1.007215
8413.303711 0.000000 807.554932 0.000000 0.665602 0.000000 0.746307 0.993690 0.993690 0.993690
8373.396484 0.000000 852.288757 0.000000 0.498793 0.000000 0.866721 0.993717 0.993717 0.993717
8405.858398 0.000000 807.948547 0.000000 0.503246 0.000000 -0.864143 1.007815 1.007815 1.007815
8364.978516 0.000000 855.903687 0.000000 0.131139 0.000000 -0.991364 1.010780 1.010780 1.010780
8420.070312 0.000000 824.394592 0.000000 0.492546 0.000000 0.870286 0.994728 0.994728 0.994728
8375.895508 0.000000 860.272522 0.000000 0.666444 0.000000 0.745555 0.993698 0.993698 0.993698
8406.658203 0.000000 836.655762 0.000000 0.650520 0.000000 0.759489 0.993540 0.993540 0.993540
8379.533203 0.000000 856.064026 0.000000 0.911519 0.000000 -0.411259 1.003174 1.003174 1.003174
8420.358398 0.000000 832.345093 0.000000 0.522353 0.000000 -0.852729 1.007648 1.007648 1.007648
8383.992188 0.000000 860.541748 0.000000 0.157853 0.000000 0.987463 0.989423 0.989423 0.989423
8413.125977 0.000000 780.100220 0.000000 0.998090 0.000000 0.061778 0.999537 0.999537 0.999537
8421.409180 0.000000 795.139771 0.000000 0.993942 0.000000 0.109904 0.999175 0.999175 0.999175
8398.613281 0.000000 814.901245 0.000000 0.894639 0.000000 0.446789 0.996531 0.996531 0.996531
8411.675781 0.000000 825.014404 0.000000 0.210171 0.000000 0.977665 0.991857 0.991857 0.991857
8407.198242 0.000000 832.991028 0.000000 0.612854 0.000000 -0.790196 1.006824 1.006824 1.006824
8409.759766 0.000000 781.238464 0.000000 0.414258 0.000000 0.910160 0.991434 0.991434 0.991434
8413.391602 0.000000 835.344543 0.000000 0.769441 0.000000 -0.638718 1.008994 1.008994 1.008994
8354.681641 0.000000 832.523682 0.000000 0.890612 0.000000 0.454763 0.996464 0.996464 0.996464
8405.281250 0.000000 811.347839 0.000000 0.611974 0.000000 -0.790878 1.006832 1.006832 1.006832
8408.800781 0.000000 784.471436 0.000000 0.631748 0.000000 0.775174 0.993357 0.993357 0.993357
8417.078125 0.000000 823.216614 0.000000 0.882021 0.000000 0.471210 0.996325 0.996325 0.996325
8409.009766 0.000000 830.506409 0.000000 0.247911 0.000000 0.968783 0.987475 0.987475 0.987475
8415.074219 0.000000 828.327454 0.000000 0.936708 0.000000 0.350112 0.994642 0.994642 0.994642
8424.188477 0.000000 768.488281 0.000000 0.224450 0.000000 0.974486 0.999329 0.999329 0.999329
8429.480469 0.000000 802.249451 0.000000 0.735780 0.000000 0.677220 0.989227 0.989227 0.989227
8439.030273 0.000000 769.332336 0.000000 0.981010 0.000000 -0.193956 1.000487 1.000487 1.000487
8423.281250 0.000000 833.204834 0.000000 0.570537 0.000000 0.821272 0.998557 0.998557 0.998557
8423.200195 0.000000 794.235596 0.000000 0.116800 0.000000 0.993155 0.989112 0.989112 0.989112
8433.798828 0.000000 777.914551 0.000000 0.190579 0.000000 -0.981672 1.008263 1.008263 1.008263
8439.966797 0.000000 803.308350 0.000000 0.239073 0.000000 -0.971002 1.007302 1.007302 1.007302
8426.595703 0.000000 775.738953 0.000000 0.743576 0.000000 -0.668651 1.005485 1.005485 1.005485
8432.007812 0.000000 795.479797 0.000000 0.932500 0.000000 -0.361169 1.005351 1.005351 1.005351
8432.082031 0.000000 770.810608 0.000000 0.167901 0.000000 -0.985804 1.010501 1.010501 1.010501
8431.709961 0.000000 808.546509 0.000000 0.357668 0.000000 -0.933849 1.009025 1.009025 1.009025
8428.143555 0.000000 790.484619 0.000000 0.692475 0.000000 0.721442 0.991550 0.991550 0.991550
8435.144531 0.000000 800.285034 0.000000 0.911076 0.000000 0.412238 0.993635 0.993635 0.993635
8431.717773 0.000000 783.097168 0.000000 0.869418 0.000000 0.494078 0.996646 0.996646 0.996646
8424.007812 0.000000 800.782043 0.000000 0.993359 0.000000 -0.115056 1.000461 1.000461 1.000461
8436.671875 0.000000 784.182007 0.000000 0.718046 0.000000 -0.695995 1.005766 1.005766 1.005766
8427.079102 0.000000 797.019226 0.000000 0.155619 0.000000 -0.987817 1.013420 1.013420 1.013420
8435.953125 0.000000 773.767761 0.000000 0.133903 0.000000 -0.990995 1.010759 1.010759 1.010759
8427.905273 0.000000 771.440796 0.000000 0.229443 0.000000 -0.973322 1.010031 1.010031 1.010031
8428.024414 0.000000 806.361816 0.000000 0.859544 0.000000 0.511062 0.995982 0.995982 0.995982
8430.796875 0.000000 774.897400 0.000000 0.854078 0.000000 0.520146 0.995903 0.995903 0.995903
8430.407227 0.000000 787.048523 0.000000 0.386918 0.000000 0.922114 0.991211 0.991211 0.991211
8434.728516 0.000000 792.467407 0.000000 0.717634 0.000000 -0.696421 1.005770 1.005770 1.005770
8435.731445 0.000000 796.468384 0.000000 0.375856 0.000000 -0.926678 1.017758 1.017758 1.017758
8435.292969 0.000000 768.376831 0.000000 0.991097 0.000000 0.133138 0.999000 0.999000 0.999000
8431.218750 0.000000 799.072815 0.000000 0.023710 0.000000 -0.999719 1.023174 1.023174 1.023174
8438.623047 0.000000 799.100647 0.000000 0.034915 0.000000 -0.999390 1.011503 1.011503 1.011503
8429.727539 0.000000 768.007446 0.000000 0.016082 0.000000 0.999871 0.988356 0.988356 0.988356
8431.206055 0.000000 791.976318 0.000000 0.153663 0.000000 0.988123 0.989391 0.989391 0.989391
8430.673828 0.000000 811.799377 0.000000 0.131271 0.000000 -0.991347 1.010779 1.010779 1.010779
8426.647461 0.000000 793.544556 0.000000 0.411851 0.000000 0.911251 0.990270 0.990270 0.990270
8436.369141 0.000000 803.293396 0.000000 0.798017 0.000000 -0.602635 1.007105 1.007105 1.007105
8436.973633 0.000000 776.959229 0.000000 0.964282 0.000000 0.264876 0.997992 0.997992 0.997992
8430.630859 0.000000 805.149231 0.000000 0.485310 0.000000 -0.874342 1.011157 1.011157 1.011157
8429.248047 0.000000 794.800171 0.000000 0.715848 0.000000 0.698256 0.988422 0.988422 0.988422
8433.629883 0.000000 798.033508 0.000000 0.805034 0.000000 -0.593229 1.009513 1.009513 1.009513
8431.965820 0.000000 801.649658 0.000000 0.286858 0.000000 -0.957973 1.019171 1.019171 1.019171
8429.720703 0.000000 797.109985 0.000000 0.958474 0.000000 -0.285179 1.004332 1.004332 1.004332
8401.238281 0.000000 867.475830 0.000000 0.922270 0.000000 -0.386547 1.002378 1.002378 1.002378
8390.115234 0.000000 887.264099 0.000000 0.539382 0.000000 0.842061 0.997501 0.997501 0.997501
8381.605469 0.000000 864.169739 0.000000 0.920956 0.000000 0.389667 0.997002 0.997002 0.997002
8405.323242 0.000000 899.059265 0.000000 0.592520 0.000000 -0.805555 1.007015 1.007015 1.007015
8409.723633 0.000000 873.741516 0.000000 0.705849 0.000000 0.708363 0.994104 0.994104 0.994104
8399.392578 0.000000 890.682434 0.000000 0.564184 0.000000 0.825649 0.992725 0.992725 0.992725
8411.842773 0.000000 892.281494 0.000000 0.922524 0.000000 -0.385939 1.001781 1.001781 1.001781
8392.421875 0.000000 864.265137 0.000000 0.568396 0.000000 -0.822755 1.005307 1.005307 1.005307
8396.747070 0.000000 901.478394 0.000000 0.086427 0.000000 -0.996258 1.009634 1.009634 1.009634
8409.000977 0.000000 863.898010 0.000000 0.293665 0.000000 -0.955909 1.004448 1.004448 1.004448
8392.945312 0.000000 893.933105 0.000000 0.992703 0.000000 -0.120588 1.000905 1.000905 1.000905
8405.497070 0.000000 891.978271 0.000000 0.984413 0.000000 -0.175873 1.001324 1.001324 1.001324
8399.991211 0.000000 896.353577 0.000000 0.484233 0.000000 0.874939 0.992021 0.992021 0.992021
8411.957031 0.000000 868.610962 0.000000 0.772668 0.000000 0.634810 0.997940 0.997940 0.997940
8387.074219 0.000000 865.613647 0.000000 0.297320 0.000000 -0.954778 1.009504 1.009504 1.009504
8394.938477 0.000000 888.235535 0.000000 0.252996 0.000000 0.967467 0.990151 0.990151 0.990151
8402.724609 0.000000 872.370422 0.000000 0.416616 0.000000 -0.909082 1.008546 1.008546 1.008546
8388.634766 0.000000 891.768005 0.000000 0.182689 0.000000 0.983171 0.993767 0.993767 0.993767
8404.268555 0.000000 864.101013 0.000000 0.953717 0.000000 0.300705 0.997712 0.997712 0.997712
8395.687500 0.000000 897.192139 0.000000 0.267918 0.000000 -0.963442 1.009733 1.009733 1.009733
8377.361328 0.000000 865.640991 0.000000 0.908345 0.000000 -0.418222 1.002585 1.002585 1.002585
8391.438477 0.000000 897.766968 0.000000 0.657119 0.000000 0.753787 0.994032 0.994032 0.994032
8403.698242 0.000000 895.350708 0.000000 0.913680 0.000000 -0.406434 1.003135 1.003135 1.003135
8396.749023 0.000000 893.549316 0.000000 0.633542 0.000000 -0.773708 1.006626 1.006626 1.006626
8405.931641 0.000000 874.497803 0.000000 0.914278 0.000000 -0.405087 1.003124 1.003124 1.003124
8383.731445 0.000000 867.239014 0.000000 0.013693 0.000000 -0.999906 1.010107 1.010107 1.010107
8392.008789 0.000000 890.371826 0.000000 0.205436 0.000000 -0.978671 1.010215 1.010215 1.010215
8401.452148 0.000000 899.464539 0.000000 0.988391 0.000000 0.151931 0.998782 0.998782 0.998782
8409.046875 0.000000 867.252380 0.000000 0.973968 0.000000 0.226684 0.998287 0.998287 0.998287
8518.665039 0.000000 856.451660 0.000000 0.990739 0.000000 0.135780 0.997960 0.997960 0.997960
8513.759766 0.000000 783.721252 0.000000 0.695751 0.000000 -0.718283 1.004401 1.004401 1.004401
8545.222656 0.000000 771.491455 0.000000 0.827169 0.000000 -0.561953 1.001788 1.001788 1.001788
8548.040039 0.000000 857.227112 0.000000 0.754755 0.000000 -0.656006 1.005359 1.005359 1.005359
8525.589844 0.000000 768.185364 0.000000 0.885064 0.000000 0.465470 0.997099 0.997099 0.997099
8551.395508 0.000000 787.937561 0.000000 0.350837 0.000000 0.936436 0.990920 0.990920 0.990920
8534.649414 0.000000 849.829041 0.000000 0.957880 0.000000 0.287167 0.999273 0.999273 0.999273
8534.576172 0.000000 778.854553 0.000000 0.186907 0.000000 0.982378 0.979287 0.979287 0.979287
8521.817383 0.000000 791.388855 0.000000 0.691225 0.000000 0.722639 0.997984 0.997984 0.997984
8532.580078 0.000000 822.840515 0.000000 0.646893 0.000000 -0.762581 1.006496 1.006496 1.006496
8523.859375 0.000000 779.846741 0.000000 0.006384 0.000000 0.999980 0.996876 0.996876 0.996876
8553.708008 0.000000 777.757141 0.000000 0.641110 0.000000 -0.767449 1.005242 1.005242 1.005242
8525.398438 0.000000 812.620605 0.000000 0.999306 0.000000 -0.037248 1.000149 1.000149 1.000149
8548.376953 0.000000 846.638611 0.000000 0.587279 0.000000 0.809385 0.992936 0.992936 0.992936
8544.663086 0.000000 780.875549 0.000000 0.875298 0.000000 -0.483584 1.002772 1.002772 1.002772
8555.827148 0.000000 796.297119 0.000000 0.399960 0.000000 0.916532 0.993633 0.993633 0.993633
8527.912109 0.000000 855.912109 0.000000 0.999779 0.000000 0.021044 0.999905 0.999905 0.999905
8518.512695 0.000000 773.012939 0.000000 0.452848 0.000000 -0.891588 1.008245 1.008245 1.008245
8535.203125 0.000000 830.910278 0.000000 0.234000 0.000000 0.972237 0.994003 0.994003 0.994003
8534.453125 0.000000 841.851135 0.000000 0.999224 0.000000 -0.039376 1.000315 1.000315 1.000315
8553.551758 0.000000 809.953552 0.000000 0.993444 0.000000 -0.114323 1.000858 1.000858 1.000858
8553.996094 0.000000 852.672485 0.000000 0.527220 0.000000 -0.849729 1.007606 1.007606 1.007606
8557.830078 0.000000 803.221130 0.000000 0.927483 0.000000 0.373864 0.999235 0.999235 0.999235
8528.924805 0.000000 774.685669 0.000000 0.650867 0.000000 -0.759192 1.006026 1.006026 1.006026
8517.732422 0.000000 863.831421 0.000000 0.451758 0.000000 -0.892141 1.003852 1.003852 1.003852
8539.257812 0.000000 774.315918 0.000000 0.999721 0.000000 -0.023624 1.000177 1.000177 1.000177
8528.390625 0.000000 818.128540 0.000000 0.911541 0.000000 -0.411209 1.005925 1.005925 1.005925
8514.719727 0.000000 789.927612 0.000000 0.980873 0.000000 0.194649 0.998533 0.998533 0.998533
8549.481445 0.000000 795.993896 0.000000 0.875988 0.000000 -0.482332 1.002262 1.002262 1.002262
8556.264648 0.000000 783.865479 0.000000 0.956969 0.000000 -0.290189 1.000735 1.000735 1.000735
8523.029297 0.000000 852.088501 0.000000 0.708192 0.000000 -0.706020 1.009393 1.009393 1.009393
8523.978516 0.000000 860.700012 0.000000 0.774503 0.000000 -0.632570 1.005813 1.005813 1.005813
8548.765625 0.000000 840.603455 0.000000 0.702002 0.000000 0.712175 0.994855 0.994855 0.994855
8540.770508 0.000000 833.021729 0.000000 0.988696 0.000000 0.149935 0.998873 0.998873 0.998873
8553.894531 0.000000 861.159546 0.000000 0.913655 0.000000 0.406490 0.994984 0.994984 0.994984
8556.864258 0.000000 790.315979 0.000000 0.569491 0.000000 0.821997 0.992773 0.992773 0.992773
8549.968750 0.000000 782.662659 0.000000 0.942746 0.000000 0.333511 0.998132 0.998132 0.998132
8535.809570 0.000000 836.468994 0.000000 0.473991 0.000000 0.880530 0.992472 0.992472 0.992472
8529.150391 0.000000 780.540039 0.000000 0.908737 0.000000 -0.417370 1.003225 1.003225 1.003225
8539.435547 0.000000 781.185303 0.000000 0.997947 0.000000 -0.064048 1.000384 1.000384 1.000384
8548.029297 0.000000 862.516541 0.000000 0.716699 0.000000 0.697382 0.993064 0.993064 0.993064
8548.944336 0.000000 851.717651 0.000000 0.567498 0.000000 -0.823375 1.008211 1.008211 1.008211
8531.442383 0.000000 827.680176 0.000000 0.654970 0.000000 0.755654 0.994012 0.994012 0.994012
8534.210938 0.000000 773.640259 0.000000 0.923402 0.000000 0.383834 0.996853 0.996853 0.996853
8531.187500 0.000000 814.131104 0.000000 0.354337 0.000000 0.935118 0.990948 0.990948 0.990948
8546.708984 0.000000 776.386047 0.000000 0.031908 0.000000 0.999491 0.988474 0.988474 0.988474
8553.145508 0.000000 800.167908 0.000000 0.995275 0.000000 -0.097097 1.000728 1.000728 1.000728
8552.499023 0.000000 844.171631 0.000000 0.797421 0.000000 0.603423 0.997089 0.997089 0.997089
8544.970703 0.000000 843.347656 0.000000 0.785124 0.000000 0.619339 0.993330 0.993330 0.993330
8552.850586 0.000000 792.732727 0.000000 0.977112 0.000000 -0.212726 1.001606 1.001606 1.001606
8515.551758 0.000000 769.394470 0.000000 0.928466 0.000000 -0.371416 1.001710 1.001710 1.001710
8515.332031 0.000000 859.836853 0.000000 0.990593 0.000000 0.136840 0.998972 0.998972 0.998972
8553.375000 0.000000 805.427979 0.000000 0.973228 0.000000 0.229843 0.998263 0.998263 0.998263
8519.726562 0.000000 848.532471 0.000000 0.887496 0.000000 0.460816 0.997370 0.997370 0.997370
8530.209961 0.000000 840.129211 0.000000 0.401152 0.000000 -0.916011 1.005782 1.005782 1.005782
8517.380859 0.000000 852.288757 0.000000 0.752874 0.000000 0.658165 0.994620 0.994620 0.994620
8552.876953 0.000000 856.937988 0.000000 0.901971 0.000000 -0.431796 1.003344 1.003344 1.003344
8552.320312 0.000000 848.451538 0.000000 0.399024 0.000000 -0.916940 1.005794 1.005794 1.005794
8524.714844 0.000000 784.025940 0.000000 0.999256 0.000000 0.038574 0.999711 0.999711 0.999711
8536.329102 0.000000 845.908203 0.000000 0.985476 0.000000 0.169816 0.998722 0.998722 0.998722
8521.345703 0.000000 769.656616 0.000000 0.445178 0.000000 0.895442 0.991691 0.991691 0.991691
8542.343750 0.000000 777.316406 0.000000 0.760477 0.000000 -0.649365 1.005293 1.005293 1.005293
8549.842773 0.000000 807.948547 0.000000 0.804913 0.000000 0.593393 0.995242 0.995242 0.995242
8545.604492 0.000000 837.769287 0.000000 0.125461 0.000000 -0.992099 1.010101 1.010101 1.010101
8519.879883 0.000000 860.272522 0.000000 0.309823 0.000000 -0.950794 1.018811 1.018811 1.018811
8523.517578 0.000000 856.064026 0.000000 0.413825 0.000000 0.910356 0.982862 0.982862 0.982862
8518.632812 0.000000 788.821899 0.000000 0.137712 0.000000 -0.990472 1.010730 1.010730 1.010730
8531.304688 0.000000 783.768433 0.000000 0.833390 0.000000 0.552686 0.995614 0.995614 0.995614
8524.495117 0.000000 819.139709 0.000000 0.489165 0.000000 0.872191 0.992063 0.992063 0.992063
8527.976562 0.000000 860.541748 0.000000 0.906944 0.000000 0.421251 0.997395 0.997395 0.997395
8534.937500 0.000000 826.231628 0.000000 0.968248 0.000000 -0.249990 1.001892 1.001892 1.001892
8549.916016 0.000000 778.513428 0.000000 0.930679 0.000000 -0.365838 1.002805 1.002805 1.002805
8548.299805 0.000000 785.929871 0.000000 0.228485 0.000000 0.973547 0.989962 0.989962 0.989962
8526.609375 0.000000 777.557190 0.000000 0.985654 0.000000 0.168776 0.998984 0.998984 0.998984
8517.408203 0.000000 782.529236 0.000000 0.188398 0.000000 -0.982093 1.010345 1.010345 1.010345
8549.398438 0.000000 791.859558 0.000000 0.967263 0.000000 -0.253774 1.001794 1.001794 1.001794
8531.939453 0.000000 819.276245 0.000000 0.021726 0.000000 0.999764 0.976796 0.976796 0.976796
8543.829102 0.000000 834.731689 0.000000 0.022371 0.000000 -0.999750 1.011597 1.011597 1.011597
8531.546875 0.000000 777.130737 0.000000 0.985426 0.000000 0.170104 0.998720 0.998720 0.998720
8538.073242 0.000000 777.890198 0.000000 0.352951 0.000000 0.935642 0.990937 0.990937 0.990937
8520.812500 0.000000 781.518921 0.000000 0.589009 0.000000 -0.808127 1.007048 1.007048 1.007048
8539.278320 0.000000 836.254211 0.000000 0.162805 0.000000 0.986658 0.983839 0.983839 0.983839
8550.334961 0.000000 859.903748 0.000000 0.667311 0.000000 -0.744779 1.009230 1.009230 1.009230
8554.866211 0.000000 787.297485 0.000000 0.815043 0.000000 -0.579400 1.004629 1.004629 1.004629
8516.505859 0.000000 786.122742 0.000000 0.465536 0.000000 -0.885029 1.008138 1.008138 1.008138
8541.846680 0.000000 772.074707 0.000000 0.712302 0.000000 -0.701873 1.005827 1.005827 1.005827
8535.836914 0.000000 821.424988 0.000000 0.728816 0.000000 0.684710 0.994351 0.994351 0.994351
8537.457031 0.000000 833.393616 0.000000 0.313376 0.000000 -0.949629 1.009377 1.009377 1.009377
8552.785156 0.000000 784.471436 0.000000 0.543206 0.000000 -0.839600 1.007464 1.007464 1.007464
8533.151367 0.000000 845.095093 0.000000 0.513096 0.000000 0.858331 0.992271 0.992271 0.992271
8550.320312 0.000000 854.832581 0.000000 0.956412 0.000000 -0.292022 1.002219 1.002219 1.002219
8522.024414 0.000000 787.981934 0.000000 0.334479 0.000000 -0.942403 1.009210 1.009210 1.009210
8546.473633 0.000000 849.554810 0.000000 0.977509 0.000000 -0.210896 1.001591 1.001591 1.001591
8536.185547 0.000000 781.751770 0.000000 0.508681 0.000000 0.860955 0.990161 0.990161 0.990161
8525.945312 0.000000 815.915039 0.000000 0.417733 0.000000 0.908570 0.991463 0.991463 0.991463
8529.451172 0.000000 821.327026 0.000000 0.021619 0.000000 0.999766 0.977568 0.977568 0.977568
8525.861328 0.000000 858.222595 0.000000 0.146005 0.000000 -0.989284 1.012090 1.012090 1.012090
8520.351562 0.000000 853.753784 0.000000 0.916684 0.000000 0.399614 0.995074 0.995074 0.995074
8544.554688 0.000000 840.504211 0.000000 0.932629 0.000000 0.360836 0.994470 0.994470 0.994470
8535.865234 0.000000 776.087402 0.000000 0.953956 0.000000 -0.299947 1.004563 1.004563 1.004563
8521.401367 0.000000 857.936951 0.000000 0.010089 0.000000 -0.999949 1.023378 1.023378 1.023378
8531.148438 0.000000 816.719055 0.000000 0.638456 0.000000 0.769658 0.987721 0.987721 0.987721
8517.525391 0.000000 861.234863 0.000000 0.858098 0.000000 -0.513486 1.006731 1.006731 1.006731
8551.582031 0.000000 862.205811 0.000000 0.566561 0.000000 0.824020 0.985493 0.985493 0.985493
8548.070312 0.000000 860.190918 0.000000 0.283661 0.000000 0.958925 0.980779 0.980779 0.980779
8577.849609 0.000000 823.035278 0.000000 0.970177 0.000000 0.242399 0.999022 0.999022 0.999022
8601.204102 0.000000 835.828613 0.000000 0.735057 0.000000 0.678006 0.994420 0.994420 0.994420
8606.641602 0.000000 849.829041 0.000000 0.691628 0.000000 -0.722254 1.003627 1.003627 1.003627
8567.332031 0.000000 813.934265 0.000000 0.503557 0.000000 -0.863962 1.007812 1.007812 1.007812
8586.815430 0.000000 830.187988 0.000000 0.155314 0.000000 -0.987865 1.010597 1.010597 1.010597
8577.727539 0.000000 832.463989 0.000000 0.899871 0.000000 0.436157 0.996620 0.996620 0.996620
8599.904297 0.000000 855.912109 0.000000 0.997077 0.000000 0.076401 0.999427 0.999427 0.999427
8592.185547 0.000000 837.196228 0.000000 0.122696 0.000000 -0.992444 1.009398 1.009398 1.009398
8575.382812 0.000000 815.233826 0.000000 0.079326 0.000000 0.996849 0.988830 0.988830 0.988830
8598.247070 0.000000 828.336121 0.000000 0.844491 0.000000 -0.535570 1.001411 1.001411 1.001411
8606.445312 0.000000 841.851135 0.000000 0.600769 0.000000 0.799423 0.997687 0.997687 0.997687
8601.812500 0.000000 846.047485 0.000000 0.173428 0.000000 -0.984846 1.020918 1.020918 1.020918
8595.021484 0.000000 852.088501 0.000000 0.320642 0.000000 0.947201 0.990680 0.990680 0.990680
8571.245117 0.000000 819.411072 0.000000 0.846453 0.000000 -0.532464 1.004205 1.004205 1.004205
8572.577148 0.000000 835.503296 0.000000 0.992554 0.000000 -0.121806 1.000488 1.000488 1.000488
8578.980469 0.000000 837.833740 0.000000 0.661786 0.000000 0.749693 0.995345 0.995345 0.995345
8583.656250 0.000000 834.615967 0.000000 0.080385 0.000000 0.996764 0.991815 0.991815 0.991815
8590.662109 0.000000 826.332886 0.000000 0.999996 0.000000 0.002701 0.999974 0.999974 0.999974
8581.736328 0.000000 829.320801 0.000000 0.770147 0.000000 -0.637867 1.005181 1.005181 1.005181
8571.159180 0.000000 810.662781 0.000000 0.647595 0.000000 0.761985 0.993511 0.993511 0.993511
8600.917969 0.000000 851.003357 0.000000 0.440478 0.000000 -0.897764 1.008348 1.008348 1.008348
8573.457031 0.000000 823.604187 0.000000 0.996118 0.000000 -0.088022 1.000660 1.000660 1.000660
8602.202148 0.000000 840.129211 0.000000 0.420856 0.000000 -0.907127 1.008511 1.008511 1.008511
8575.875000 0.000000 819.224731 0.000000 0.412654 0.000000 -0.910888 1.008579 1.008579 1.008579
8571.186523 0.000000 815.015930 0.000000 0.853010 0.000000 0.521895 0.995888 0.995888 0.995888
8597.599609 0.000000 848.981812 0.000000 0.648031 0.000000 -0.761614 1.006485 1.006485 1.006485
8568.155273 0.000000 817.418640 0.000000 0.778023 0.000000 -0.628236 1.005088 1.005088 1.005088
8598.587891 0.000000 844.086792 0.000000 0.941062 0.000000 -0.338235 1.002929 1.002929 1.002929
8568.165039 0.000000 821.234741 0.000000 0.320775 0.000000 -0.947155 1.009319 1.009319 1.009319
8587.194336 0.000000 826.463074 0.000000 0.970785 0.000000 -0.239953 1.001694 1.001694 1.001694
8595.714844 0.000000 837.494812 0.000000 0.888170 0.000000 -0.459515 1.003576 1.003576 1.003576
8574.350586 0.000000 832.517822 0.000000 0.499464 0.000000 -0.866335 1.007848 1.007848 1.007848
8605.143555 0.000000 845.095093 0.000000 0.796092 0.000000 0.605175 0.995132 0.995132 0.995132
8598.104492 0.000000 853.105164 0.000000 0.741289 0.000000 -0.671186 1.005511 1.005511 1.005511
8580.389648 0.000000 834.464355 0.000000 0.974966 0.000000 0.222356 0.998321 0.998321 0.998321
8590.000000 0.000000 829.679138 0.000000 0.136611 0.000000 0.990625 0.979955 0.979955 0.979955
8593.260742 0.000000 834.209412 0.000000 0.331589 0.000000 0.943424 0.984611 0.984611 0.984611
8603.736328 0.000000 848.704590 0.000000 0.903838 0.000000 0.427875 0.993377 0.993377 0.993377
8583.972656 0.000000 831.603149 0.000000 0.334120 0.000000 0.942531 0.981574 0.981574 0.981574
8592.839844 0.000000 828.104309 0.000000 0.908801 0.000000 -0.417230 1.006447 1.006447 1.006447
8600.216797 0.000000 848.343994 0.000000 0.968152 0.000000 0.250365 0.996462 0.996462 0.996462
8564.850586 0.000000 895.171631 0.000000 0.255242 0.000000 0.966877 0.990168 0.990168 0.990168
8513.759766 0.000000 879.705627 0.000000 0.342039 0.000000 0.939686 0.990850 0.990850 0.990850
8545.222656 0.000000 867.475830 0.000000 0.549568 0.000000 -0.835449 1.006419 1.006419 1.006419
8551.395508 0.000000 883.921936 0.000000 0.277314 0.000000 0.960779 0.994848 0.994848 0.994848
8511.424805 0.000000 891.287720 0.000000 0.934171 0.000000 -0.356824 1.000729 1.000729 1.000729
8521.817383 0.000000 887.373230 0.000000 0.005625 0.000000 0.999984 0.988277 0.988277 0.988277
8523.859375 0.000000 875.831116 0.000000 0.923722 0.000000 -0.383064 1.002944 1.002944 1.002944
8553.708008 0.000000 873.741516 0.000000 0.176504 0.000000 0.984300 0.979128 0.979128 0.979128
8544.663086 0.000000 876.859924 0.000000 0.982056 0.000000 -0.188587 1.000568 1.000568 1.000568
8555.827148 0.000000 892.281494 0.000000 0.781468 0.000000 -0.623946 1.001009 1.001009 1.001009
8562.449219 0.000000 888.121887 0.000000 0.728634 0.000000 -0.684904 1.004521 1.004521 1.004521
8517.879883 0.000000 892.595642 0.000000 0.888260 0.000000 -0.459341 1.003574 1.003574 1.003574
8520.302734 0.000000 881.136536 0.000000 0.961482 0.000000 -0.274867 1.002085 1.002085 1.002085
8514.719727 0.000000 885.911987 0.000000 0.124233 0.000000 -0.992253 1.010832 1.010832 1.010832
8556.264648 0.000000 879.849854 0.000000 0.898817 0.000000 0.438325 0.996602 0.996602 0.996602
8517.874023 0.000000 874.992126 0.000000 0.572859 0.000000 -0.819654 1.009115 1.009115 1.009115
8556.864258 0.000000 886.300354 0.000000 0.884701 0.000000 -0.466159 1.003632 1.003632 1.003632
8549.968750 0.000000 878.647034 0.000000 0.863660 0.000000 -0.504076 1.001583 1.001583 1.001583
8546.708984 0.000000 872.370422 0.000000 0.988723 0.000000 -0.149756 1.001126 1.001126 1.001126
8548.252930 0.000000 864.101013 0.000000 0.193902 0.000000 -0.981021 1.010303 1.010303 1.010303
8510.333008 0.000000 886.961548 0.000000 0.531272 0.000000 -0.847202 1.007570 1.007570 1.007570
8510.449219 0.000000 876.089233 0.000000 0.675116 0.000000 0.737711 0.995029 0.995029 0.995029
8524.714844 0.000000 880.010315 0.000000 0.974358 0.000000 -0.225004 1.001700 1.001700 1.001700
8521.345703 0.000000 865.640991 0.000000 0.567423 0.000000 -0.823426 1.005314 1.005314 1.005314
8522.834961 0.000000 891.433167 0.000000 0.903236 0.000000 0.429144 0.996899 0.996899 0.996899
8518.632812 0.000000 884.806274 0.000000 0.204690 0.000000 0.978827 0.989779 0.989779 0.989779
8511.534180 0.000000 882.940857 0.000000 0.160923 0.000000 0.986967 0.989446 0.989446 0.989446
8521.040039 0.000000 872.671204 0.000000 0.893498 0.000000 0.449067 0.996512 0.996512 0.996512
8517.760742 0.000000 888.670410 0.000000 0.986946 0.000000 -0.161050 1.001212 1.001212 1.001212
8558.942383 0.000000 889.942078 0.000000 0.126571 0.000000 -0.991958 1.009372 1.009372 1.009372
8557.110352 0.000000 876.084595 0.000000 0.842253 0.000000 0.539083 0.995736 0.995736 0.995736
8561.663086 0.000000 897.487549 0.000000 0.992384 0.000000 -0.123183 1.000925 1.000925 1.000925
8514.111328 0.000000 875.512939 0.000000 0.859208 0.000000 -0.511627 1.002950 1.002950 1.002950
8549.916016 0.000000 874.497803 0.000000 0.858445 0.000000 -0.512905 1.004034 1.004034 1.004034
8556.885742 0.000000 895.764038 0.000000 0.232779 0.000000 0.972530 0.989995 0.989995 0.989995
8517.408203 0.000000 878.513611 0.000000 0.938933 0.000000 0.344099 0.996141 0.996141 0.996141
8553.744141 0.000000 877.222839 0.000000 0.753496 0.000000 -0.657452 1.007881 1.007881 1.007881
8520.812500 0.000000 877.503296 0.000000 0.994946 0.000000 0.100416 0.999247 0.999247 0.999247
8557.030273 0.000000 872.547241 0.000000 0.885461 0.000000 -0.464714 1.003620 1.003620 1.003620
8554.866211 0.000000 883.281860 0.000000 0.898247 0.000000 0.439492 0.996592 0.996592 0.996592
8516.505859 0.000000 882.107117 0.000000 0.936832 0.000000 -0.349780 1.002676 1.002676 1.002676
8514.577148 0.000000 889.903564 0.000000 0.888998 0.000000 -0.457912 1.003562 1.003562 1.003562
8552.785156 0.000000 880.455811 0.000000 0.055738 0.000000 -0.998445 1.011347 1.011347 1.011347
8522.024414 0.000000 883.966309 0.000000 0.935776 0.000000 0.352596 0.997301 0.997301 0.997301
8559.181641 0.000000 881.387146 0.000000 0.762669 0.000000 -0.646789 1.005268 1.005268 1.005268
8553.031250 0.000000 867.252380 0.000000 0.999948 0.000000 0.010212 0.999924 0.999924 0.999924
8562.051758 0.000000 891.350342 0.000000 0.288768 0.000000 -0.957399 1.009571 1.009571 1.009571
8553.333984 0.000000 870.668457 0.000000 0.917951 0.000000 0.396694 0.994297 0.994297 0.994297
8551.309570 0.000000 876.531311 0.000000 0.164179 0.000000 0.986431 0.981047 0.981047 0.981047
8567.184570 0.000000 890.219971 0.000000 0.932877 0.000000 -0.360195 1.000736 1.000736 1.000736
8567.992188 0.000000 896.766418 0.000000 0.046355 0.000000 -0.998925 1.011417 1.011417 1.011417
"}
