object={
	name="Bridge of Skulls"
	render_pass=MapUnderWater
	clamp_to_water_level=no
	generated_content=no
	layer="AGOT_building_layer"
	pdxmesh="building_special_bridge_of_skulls"
	count=1
	transform="1406.381592 10.533691 5239.331543 0.000000 0.496447 0.000000 0.868067 2.230988 2.230988 2.230988
"}
object={
	name="Highgarden Surrounding - Docks"
	render_pass=Map
	clamp_to_water_level=no
	generated_content=no
	layer="building_layer"
	pdxmesh="building_special_docks_mesh"
	count=3
	transform="1077.029541 -0.126221 2552.062500 0.000000 -0.983096 0.000000 -0.183096 0.347346 0.347346 0.347346
1066.203735 -0.327637 2542.930664 0.000000 -0.996208 0.000000 -0.087009 0.347346 0.347346 0.347346
1040.341919 -0.349365 2534.427979 0.000000 -0.979923 0.000000 0.199377 0.347346 0.347346 0.347346
"}
object={
	name="PykeBridge"
	render_pass=Map
	clamp_to_water_level=no
	generated_content=no
	layer="AGOT_building_layer"
	pdxmesh="building_special_PykeBridge_mesh"
	count=2
	transform="771.344604 2.324219 3521.705811 0.000000 -0.625049 0.000000 0.780586 1.351085 1.351085 1.351085
1872.684814 0.744873 3696.100342 0.000000 -0.111271 0.000000 -0.993790 1.693819 1.693819 1.693819
"}
object={
	name="Weirwood1"
	render_pass=Map
	clamp_to_water_level=no
	generated_content=no
	layer="tree_high_layer"
	pdxmesh="mapitem_trees_weirwood_01_mesh"
	count=50
	transform="1976.068481 0.000000 2632.345703 0.000000 0.000000 0.000000 1.000000 1.000317 1.000317 1.000317
1561.787842 0.000000 3295.682861 0.000000 0.000000 0.000000 1.000000 0.778467 0.778467 0.778467
1727.980103 0.000000 5387.019531 0.000000 0.795285 0.000000 0.606236 1.000000 1.000000 1.000000
1540.300049 0.000000 5350.650879 0.000000 0.000000 0.000000 1.000000 1.000000 1.000000 1.000000
1560.906128 0.000000 5430.841309 0.000000 0.000000 0.000000 1.000000 1.000000 1.000000 1.000000
1510.624634 0.000000 5547.822266 0.000000 0.000000 0.000000 1.000000 1.000000 1.000000 1.000000
1432.578003 0.000000 5498.137207 0.000000 0.000000 0.000000 1.000000 1.000000 1.000000 1.000000
1640.322876 0.000000 5478.364258 0.000000 0.884579 0.000000 0.466390 1.000000 1.000000 1.000000
1781.182373 0.000000 5351.737793 0.000000 0.000000 0.000000 1.000000 1.000000 1.000000 1.000000
1491.136108 0.000000 5655.785645 0.000000 0.000000 0.000000 1.000000 1.000000 1.000000 1.000000
1576.839722 0.000000 5751.928711 0.000000 0.000000 0.000000 1.000000 1.000000 1.000000 1.000000
1411.047852 0.000000 5542.051758 0.000000 0.000000 0.000000 1.000000 1.000000 1.000000 1.000000
1345.559692 0.000000 5451.274414 0.000000 0.000000 0.000000 1.000000 1.000000 1.000000 1.000000
1818.286743 0.000000 5394.500488 0.000000 -0.553875 0.000000 0.832600 1.000000 1.000000 1.000000
1329.677979 0.000000 3932.572266 0.000000 0.000000 0.000000 1.000000 1.000000 1.000000 1.000000
855.623657 0.000000 4893.799316 0.000000 0.850021 0.000000 0.526749 0.474701 0.474701 0.474701
858.172791 0.000000 4894.745117 0.000000 -0.979734 0.000000 0.200302 0.545558 0.545558 0.545558
858.365173 0.000000 4898.072266 0.000000 -0.328277 0.000000 -0.944581 0.474701 0.474701 0.474701
855.945740 0.000000 4899.979980 0.000000 -0.245085 0.000000 0.969502 0.474701 0.474701 0.474701
852.724487 0.000000 4898.352051 0.000000 -0.012934 0.000000 0.999916 0.546856 0.546856 0.546856
852.815491 0.000000 4895.213867 0.000000 -0.890468 0.000000 -0.455045 0.474701 0.474701 0.474701
1266.475952 0.000000 3400.103271 0.000000 0.000000 0.000000 1.000000 0.438745 0.438745 0.438745
1400.846436 0.000000 4493.575195 0.000000 0.000000 0.000000 1.000000 1.000000 1.000000 1.000000
1453.915039 0.000000 4542.144531 0.000000 0.000000 0.000000 1.000000 1.000000 1.000000 1.000000
1329.543213 0.000000 4530.600586 0.000000 0.000000 0.000000 1.000000 1.000000 1.000000 1.000000
1296.599243 0.000000 4602.362305 0.000000 0.000000 0.000000 1.000000 1.000000 1.000000 1.000000
1312.939209 0.000000 4661.354492 0.000000 0.000000 0.000000 1.000000 1.000000 1.000000 1.000000
1595.033813 0.000000 4669.422363 0.000000 0.000000 0.000000 1.000000 1.000000 1.000000 1.000000
1163.760864 0.000000 4653.580078 0.000000 0.000000 0.000000 1.000000 1.000000 1.000000 1.000000
1160.375488 0.000000 4752.226562 0.000000 0.000000 0.000000 1.000000 1.000000 1.000000 1.000000
1294.545776 0.000000 4862.536133 0.000000 0.000000 0.000000 1.000000 1.000000 1.000000 1.000000
952.126709 0.000000 4763.383789 0.000000 0.000000 0.000000 1.000000 1.000000 1.000000 1.000000
891.644104 0.000000 4827.833496 0.000000 0.000000 0.000000 1.000000 1.000000 1.000000 1.000000
1102.255249 0.000000 4615.413574 0.000000 0.000000 0.000000 1.000000 1.000000 1.000000 1.000000
1542.018066 0.000000 3250.350342 0.000000 0.000000 0.000000 1.000000 0.799269 0.799269 0.799269
1550.094971 0.000000 3256.300049 0.000000 0.000000 0.000000 1.000000 0.799269 0.799269 0.799269
1556.544312 0.000000 3256.010010 0.000000 0.000000 0.000000 1.000000 0.799269 0.799269 0.799269
1346.143311 0.000000 4699.791992 0.000000 0.941357 0.000000 -0.337412 0.937610 0.937610 0.937610
1551.219482 0.000000 4335.574707 0.000000 0.000000 0.000000 1.000000 1.145587 1.145587 1.145587
1551.460938 0.000000 3251.319092 0.000000 0.000000 0.000000 1.000000 1.000000 1.000000 1.000000
1546.545898 0.000000 3255.492188 0.000000 0.000000 0.000000 1.000000 1.000000 1.000000 1.000000
1545.663574 0.000000 3249.254395 0.000000 0.000000 0.000000 1.000000 1.000000 1.000000 1.000000
1556.427612 0.000000 3249.580811 0.000000 0.000000 0.000000 1.000000 0.869360 0.869360 0.869360
1554.604492 0.000000 3258.522217 0.000000 0.000000 0.000000 1.000000 0.859888 0.859888 0.859888
1562.098633 0.000000 3256.361084 0.000000 0.000000 0.000000 1.000000 0.877954 0.877954 0.877954
1075.518677 1.624023 2519.720215 0.000000 0.000000 0.000000 1.000000 0.344034 0.344034 0.344034
821.166443 0.000000 4938.845215 0.000000 0.000000 0.000000 1.000000 0.560352 0.560352 0.560352
1396.200806 0.000000 4808.221680 0.000000 0.000000 0.000000 1.000000 0.509228 0.509228 0.509228
1558.578125 0.000000 4994.446289 0.000000 0.000000 0.000000 1.000000 0.749316 0.749316 0.749316
1023.653076 0.000000 5055.594238 0.000000 0.000000 0.000000 1.000000 0.622852 0.622852 0.622852
"}
