object={
	name="lv_lakes"
	render_pass=Map
	clamp_to_water_level=yes
	generated_content=no
	layer="lake_layer"
	pdxmesh="lake_mesh"
	count=13
	transform="3982.181641 3.201538 1233.473267 0.000000 0.000000 0.000000 1.000000 6.451963 6.451963 6.451963
3982.364502 3.550781 1230.296509 0.000000 0.000000 0.000000 1.000000 4.545410 4.545410 4.545410
3982.271240 2.902710 1237.339111 0.000000 0.000000 0.000000 1.000000 5.223888 5.223888 5.223888
7304.973633 2.757263 687.961670 0.000000 0.000000 0.000000 1.000000 3.777083 3.777083 3.777083
7330.379883 1.799866 629.624390 0.000000 0.000000 0.000000 1.000000 4.048261 4.048261 4.048261
4465.021973 0.310768 113.907074 0.000000 -0.885139 0.000000 0.465327 54.868748 54.868748 54.868748
4507.963379 0.106003 122.875000 0.000000 -0.885139 0.000000 0.465327 54.868748 54.868748 54.868748
4545.076660 -0.064941 149.401184 0.000000 -0.885139 0.000000 0.465327 54.868748 54.868748 54.868748
4440.431641 0.230927 254.844589 0.000000 0.076202 0.000000 0.997092 47.496117 47.496117 47.496117
4420.864746 0.708008 204.159424 0.000000 0.750383 -0.000000 -0.661003 70.398895 70.398895 70.398895
4510.538086 0.431992 212.642471 0.000000 -0.885139 0.000000 0.465327 54.868748 54.868748 54.868748
4602.420410 -0.258331 162.721344 0.000000 -0.885139 0.000000 0.465327 54.868748 54.868748 54.868748
"}
