object={
	name="lv_Bridge_Mediterrainian"
	render_pass=Map
	clamp_to_water_level=no
	generated_content=no
	layer="AGOT_roads"
	pdxmesh="bridge_mediterranean_mesh"
	count=4
	transform="3486.922607 0.000000 2044.436035 0.000000 -0.375964 0.000000 0.926634 1.000000 1.000000 1.000000
3936.768799 0.000000 2086.514404 0.000000 0.718091 0.000000 0.695949 1.000000 1.000000 1.000000
3971.640137 0.000000 2077.719482 0.000000 -0.607148 0.000000 0.794589 1.000000 1.000000 1.000000
4151.906738 0.000000 2067.410645 0.000000 -0.303196 0.000000 0.952928 1.000000 1.000000 1.000000
"}
object={
	name="lv_Road_15"
	render_pass=Map
	clamp_to_water_level=no
	generated_content=no
	layer="AGOT_roads"
	pdxmesh="15_mesh"
	count=14
	transform="3851.863770 0.000000 2028.415771 0.000000 0.510369 0.000000 0.859955 1.000000 1.000000 1.000000
3903.349121 0.000000 2080.846191 0.000000 -0.870167 0.000000 0.492756 1.000000 1.000000 1.000000
3927.272705 0.000000 2086.441406 0.000000 -0.722473 0.000000 0.691399 1.000000 1.000000 1.000000
3975.100098 0.000000 2076.735107 0.000000 0.769165 0.000000 0.639051 1.000000 1.000000 1.000000
4024.622803 0.000000 2075.957520 0.000000 -0.624054 0.000000 0.781382 1.000000 1.000000 1.000000
4048.362061 0.000000 2070.388184 0.000000 0.769808 0.000000 0.638276 1.000000 1.000000 1.000000
4165.778809 0.000000 2047.746582 0.000000 0.949369 0.000000 0.314164 1.000000 1.000000 1.000000
4183.990234 0.000000 2031.031006 0.000000 0.818854 0.000000 0.574002 1.000000 1.000000 1.000000
4208.374512 0.000000 2026.941162 0.000000 0.646884 0.000000 0.762588 1.000000 1.000000 1.000000
4274.181641 0.000000 2060.461426 0.000000 -0.802563 0.000000 0.596567 1.000000 1.000000 1.000000
4343.409668 0.000000 2027.157837 0.000000 -0.284586 0.000000 0.958651 1.000000 1.000000 1.000000
4641.468750 0.000000 2260.869141 0.000000 -0.715517 0.000000 0.698596 1.000000 1.000000 1.000000
4690.410645 0.000000 2259.406006 0.000000 0.751264 0.000000 0.660001 1.000000 1.000000 1.000000
4800.571289 0.000000 2308.185791 0.000000 -0.764955 0.000000 0.644084 1.000000 1.000000 1.000000
"}
object={
	name="lv_Road_15 Medium"
	render_pass=Map
	clamp_to_water_level=no
	generated_content=no
	layer="AGOT_roads"
	pdxmesh="15medium_mesh"
	count=46
	transform="4131.358398 0.000000 2083.026367 0.000000 0.717426 0.000000 -0.696634 1.000000 1.000000 1.000000
0.000000 0.000000 0.000000 0.000000 0.000000 0.000000 1.000000 1.000000 1.000000 1.000000
0.000000 0.000000 0.000000 0.000000 0.000000 0.000000 1.000000 1.000000 1.000000 1.000000
0.000000 0.000000 0.000000 0.000000 0.000000 0.000000 1.000000 1.000000 1.000000 1.000000
0.000000 0.000000 0.000000 0.000000 0.000000 0.000000 1.000000 1.000000 1.000000 1.000000
0.000000 0.000000 0.000000 0.000000 0.000000 0.000000 1.000000 1.000000 1.000000 1.000000
0.000000 0.000000 0.000000 0.000000 0.000000 0.000000 1.000000 1.000000 1.000000 1.000000
0.000000 0.000000 0.000000 0.000000 0.000000 0.000000 1.000000 1.000000 1.000000 1.000000
0.000000 0.000000 0.000000 0.000000 0.000000 0.000000 1.000000 1.000000 1.000000 1.000000
0.000000 0.000000 0.000000 0.000000 0.000000 0.000000 1.000000 1.000000 1.000000 1.000000
0.000000 0.000000 0.000000 0.000000 0.000000 0.000000 1.000000 1.000000 1.000000 1.000000
0.000000 0.000000 0.000000 0.000000 0.000000 0.000000 1.000000 1.000000 1.000000 1.000000
0.000000 0.000000 0.000000 0.000000 0.000000 0.000000 1.000000 1.000000 1.000000 1.000000
0.000000 0.000000 0.000000 0.000000 0.000000 0.000000 1.000000 1.000000 1.000000 1.000000
0.000000 0.000000 0.000000 0.000000 0.000000 0.000000 1.000000 1.000000 1.000000 1.000000
0.000000 0.000000 0.000000 0.000000 0.000000 0.000000 1.000000 1.000000 1.000000 1.000000
0.000000 0.000000 0.000000 0.000000 0.000000 0.000000 1.000000 1.000000 1.000000 1.000000
0.000000 0.000000 0.000000 0.000000 0.000000 0.000000 1.000000 1.000000 1.000000 1.000000
0.000000 0.000000 0.000000 0.000000 0.000000 0.000000 1.000000 1.000000 1.000000 1.000000
0.000000 0.000000 0.000000 0.000000 0.000000 0.000000 1.000000 1.000000 1.000000 1.000000
0.000000 0.000000 0.000000 0.000000 0.000000 0.000000 1.000000 1.000000 1.000000 1.000000
0.000000 0.000000 0.000000 0.000000 0.000000 0.000000 1.000000 1.000000 1.000000 1.000000
0.000000 0.000000 0.000000 0.000000 0.000000 0.000000 1.000000 1.000000 1.000000 1.000000
0.000000 0.000000 0.000000 0.000000 0.000000 0.000000 1.000000 1.000000 1.000000 1.000000
0.000000 0.000000 0.000000 0.000000 0.000000 0.000000 1.000000 1.000000 1.000000 1.000000
0.000000 0.000000 0.000000 0.000000 0.000000 0.000000 1.000000 1.000000 1.000000 1.000000
0.000000 0.000000 0.000000 0.000000 0.000000 0.000000 1.000000 1.000000 1.000000 1.000000
0.000000 0.000000 0.000000 0.000000 0.000000 0.000000 1.000000 1.000000 1.000000 1.000000
0.000000 0.000000 0.000000 0.000000 0.000000 0.000000 1.000000 1.000000 1.000000 1.000000
0.000000 0.000000 0.000000 0.000000 0.000000 0.000000 1.000000 1.000000 1.000000 1.000000
0.000000 0.000000 0.000000 0.000000 0.000000 0.000000 1.000000 1.000000 1.000000 1.000000
0.000000 0.000000 0.000000 0.000000 0.000000 0.000000 1.000000 1.000000 1.000000 1.000000
0.000000 0.000000 0.000000 0.000000 0.000000 0.000000 1.000000 1.000000 1.000000 1.000000
0.000000 0.000000 0.000000 0.000000 0.000000 0.000000 1.000000 1.000000 1.000000 1.000000
0.000000 0.000000 0.000000 0.000000 0.000000 0.000000 1.000000 1.000000 1.000000 1.000000
0.000000 0.000000 0.000000 0.000000 0.000000 0.000000 1.000000 1.000000 1.000000 1.000000
0.000000 0.000000 0.000000 0.000000 0.000000 0.000000 1.000000 1.000000 1.000000 1.000000
0.000000 0.000000 0.000000 0.000000 0.000000 0.000000 1.000000 1.000000 1.000000 1.000000
0.000000 0.000000 0.000000 0.000000 0.000000 0.000000 1.000000 1.000000 1.000000 1.000000
0.000000 0.000000 0.000000 0.000000 0.000000 0.000000 1.000000 1.000000 1.000000 1.000000
0.000000 0.000000 0.000000 0.000000 0.000000 0.000000 1.000000 1.000000 1.000000 1.000000
0.000000 0.000000 0.000000 0.000000 0.000000 0.000000 1.000000 1.000000 1.000000 1.000000
0.000000 0.000000 0.000000 0.000000 0.000000 0.000000 1.000000 1.000000 1.000000 1.000000
0.000000 0.000000 0.000000 0.000000 0.000000 0.000000 1.000000 1.000000 1.000000 1.000000
0.000000 0.000000 0.000000 0.000000 0.000000 0.000000 1.000000 1.000000 1.000000 1.000000
0.000000 0.000000 0.000000 0.000000 0.000000 0.000000 1.000000 1.000000 1.000000 1.000000
"}
object={
	name="lv_Road_15 Short "
	render_pass=Map
	clamp_to_water_level=no
	generated_content=no
	layer="AGOT_roads"
	pdxmesh="15short_mesh"
	count=38
	transform="4280.170898 0.000000 2060.401367 0.000000 -0.647814 0.000000 0.761798 1.000000 1.000000 1.000000
0.000000 0.000000 0.000000 0.000000 0.000000 0.000000 1.000000 1.000000 1.000000 1.000000
0.000000 0.000000 0.000000 0.000000 0.000000 0.000000 1.000000 1.000000 1.000000 1.000000
0.000000 0.000000 0.000000 0.000000 0.000000 0.000000 1.000000 1.000000 1.000000 1.000000
0.000000 0.000000 0.000000 0.000000 0.000000 0.000000 1.000000 1.000000 1.000000 1.000000
0.000000 0.000000 0.000000 0.000000 0.000000 0.000000 1.000000 1.000000 1.000000 1.000000
0.000000 0.000000 0.000000 0.000000 0.000000 0.000000 1.000000 1.000000 1.000000 1.000000
0.000000 0.000000 0.000000 0.000000 0.000000 0.000000 1.000000 1.000000 1.000000 1.000000
0.000000 0.000000 0.000000 0.000000 0.000000 0.000000 1.000000 1.000000 1.000000 1.000000
0.000000 0.000000 0.000000 0.000000 0.000000 0.000000 1.000000 1.000000 1.000000 1.000000
0.000000 0.000000 0.000000 0.000000 0.000000 0.000000 1.000000 1.000000 1.000000 1.000000
0.000000 0.000000 0.000000 0.000000 0.000000 0.000000 1.000000 1.000000 1.000000 1.000000
0.000000 0.000000 0.000000 0.000000 0.000000 0.000000 1.000000 1.000000 1.000000 1.000000
0.000000 0.000000 0.000000 0.000000 0.000000 0.000000 1.000000 1.000000 1.000000 1.000000
0.000000 0.000000 0.000000 0.000000 0.000000 0.000000 1.000000 1.000000 1.000000 1.000000
0.000000 0.000000 0.000000 0.000000 0.000000 0.000000 1.000000 1.000000 1.000000 1.000000
0.000000 0.000000 0.000000 0.000000 0.000000 0.000000 1.000000 1.000000 1.000000 1.000000
0.000000 0.000000 0.000000 0.000000 0.000000 0.000000 1.000000 1.000000 1.000000 1.000000
0.000000 0.000000 0.000000 0.000000 0.000000 0.000000 1.000000 1.000000 1.000000 1.000000
0.000000 0.000000 0.000000 0.000000 0.000000 0.000000 1.000000 1.000000 1.000000 1.000000
0.000000 0.000000 0.000000 0.000000 0.000000 0.000000 1.000000 1.000000 1.000000 1.000000
0.000000 0.000000 0.000000 0.000000 0.000000 0.000000 1.000000 1.000000 1.000000 1.000000
0.000000 0.000000 0.000000 0.000000 0.000000 0.000000 1.000000 1.000000 1.000000 1.000000
0.000000 0.000000 0.000000 0.000000 0.000000 0.000000 1.000000 1.000000 1.000000 1.000000
0.000000 0.000000 0.000000 0.000000 0.000000 0.000000 1.000000 1.000000 1.000000 1.000000
0.000000 0.000000 0.000000 0.000000 0.000000 0.000000 1.000000 1.000000 1.000000 1.000000
0.000000 0.000000 0.000000 0.000000 0.000000 0.000000 1.000000 1.000000 1.000000 1.000000
0.000000 0.000000 0.000000 0.000000 0.000000 0.000000 1.000000 1.000000 1.000000 1.000000
0.000000 0.000000 0.000000 0.000000 0.000000 0.000000 1.000000 1.000000 1.000000 1.000000
0.000000 0.000000 0.000000 0.000000 0.000000 0.000000 1.000000 1.000000 1.000000 1.000000
0.000000 0.000000 0.000000 0.000000 0.000000 0.000000 1.000000 1.000000 1.000000 1.000000
0.000000 0.000000 0.000000 0.000000 0.000000 0.000000 1.000000 1.000000 1.000000 1.000000
0.000000 0.000000 0.000000 0.000000 0.000000 0.000000 1.000000 1.000000 1.000000 1.000000
0.000000 0.000000 0.000000 0.000000 0.000000 0.000000 1.000000 1.000000 1.000000 1.000000
0.000000 0.000000 0.000000 0.000000 0.000000 0.000000 1.000000 1.000000 1.000000 1.000000
0.000000 0.000000 0.000000 0.000000 0.000000 0.000000 1.000000 1.000000 1.000000 1.000000
0.000000 0.000000 0.000000 0.000000 0.000000 0.000000 1.000000 1.000000 1.000000 1.000000
0.000000 0.000000 0.000000 0.000000 0.000000 0.000000 1.000000 1.000000 1.000000 1.000000
"}
object={
	name="lv_Road_45"
	render_pass=Map
	clamp_to_water_level=no
	generated_content=no
	layer="AGOT_roads"
	pdxmesh="45_mesh"
	count=45
	transform="3805.367676 0.000000 2017.904419 0.000000 0.822082 0.000000 0.569370 1.000000 1.000000 1.000000
4346.983398 0.000000 2004.338867 0.000000 0.100052 0.000000 0.994982 1.000000 1.000000 1.000000
0.000000 0.000000 0.000000 0.000000 0.000000 0.000000 1.000000 1.000000 1.000000 1.000000
0.000000 0.000000 0.000000 0.000000 0.000000 0.000000 1.000000 1.000000 1.000000 1.000000
0.000000 0.000000 0.000000 0.000000 0.000000 0.000000 1.000000 1.000000 1.000000 1.000000
0.000000 0.000000 0.000000 0.000000 0.000000 0.000000 1.000000 1.000000 1.000000 1.000000
0.000000 0.000000 0.000000 0.000000 0.000000 0.000000 1.000000 1.000000 1.000000 1.000000
0.000000 0.000000 0.000000 0.000000 0.000000 0.000000 1.000000 1.000000 1.000000 1.000000
0.000000 0.000000 0.000000 0.000000 0.000000 0.000000 1.000000 1.000000 1.000000 1.000000
0.000000 0.000000 0.000000 0.000000 0.000000 0.000000 1.000000 1.000000 1.000000 1.000000
0.000000 0.000000 0.000000 0.000000 0.000000 0.000000 1.000000 1.000000 1.000000 1.000000
0.000000 0.000000 0.000000 0.000000 0.000000 0.000000 1.000000 1.000000 1.000000 1.000000
0.000000 0.000000 0.000000 0.000000 0.000000 0.000000 1.000000 1.000000 1.000000 1.000000
0.000000 0.000000 0.000000 0.000000 0.000000 0.000000 1.000000 1.000000 1.000000 1.000000
0.000000 0.000000 0.000000 0.000000 0.000000 0.000000 1.000000 1.000000 1.000000 1.000000
0.000000 0.000000 0.000000 0.000000 0.000000 0.000000 1.000000 1.000000 1.000000 1.000000
0.000000 0.000000 0.000000 0.000000 0.000000 0.000000 1.000000 1.000000 1.000000 1.000000
0.000000 0.000000 0.000000 0.000000 0.000000 0.000000 1.000000 1.000000 1.000000 1.000000
0.000000 0.000000 0.000000 0.000000 0.000000 0.000000 1.000000 1.000000 1.000000 1.000000
0.000000 0.000000 0.000000 0.000000 0.000000 0.000000 1.000000 1.000000 1.000000 1.000000
0.000000 0.000000 0.000000 0.000000 0.000000 0.000000 1.000000 1.000000 1.000000 1.000000
0.000000 0.000000 0.000000 0.000000 0.000000 0.000000 1.000000 1.000000 1.000000 1.000000
0.000000 0.000000 0.000000 0.000000 0.000000 0.000000 1.000000 1.000000 1.000000 1.000000
0.000000 0.000000 0.000000 0.000000 0.000000 0.000000 1.000000 1.000000 1.000000 1.000000
0.000000 0.000000 0.000000 0.000000 0.000000 0.000000 1.000000 1.000000 1.000000 1.000000
0.000000 0.000000 0.000000 0.000000 0.000000 0.000000 1.000000 1.000000 1.000000 1.000000
0.000000 0.000000 0.000000 0.000000 0.000000 0.000000 1.000000 1.000000 1.000000 1.000000
0.000000 0.000000 0.000000 0.000000 0.000000 0.000000 1.000000 1.000000 1.000000 1.000000
0.000000 0.000000 0.000000 0.000000 0.000000 0.000000 1.000000 1.000000 1.000000 1.000000
0.000000 0.000000 0.000000 0.000000 0.000000 0.000000 1.000000 1.000000 1.000000 1.000000
0.000000 0.000000 0.000000 0.000000 0.000000 0.000000 1.000000 1.000000 1.000000 1.000000
0.000000 0.000000 0.000000 0.000000 0.000000 0.000000 1.000000 1.000000 1.000000 1.000000
0.000000 0.000000 0.000000 0.000000 0.000000 0.000000 1.000000 1.000000 1.000000 1.000000
0.000000 0.000000 0.000000 0.000000 0.000000 0.000000 1.000000 1.000000 1.000000 1.000000
0.000000 0.000000 0.000000 0.000000 0.000000 0.000000 1.000000 1.000000 1.000000 1.000000
0.000000 0.000000 0.000000 0.000000 0.000000 0.000000 1.000000 1.000000 1.000000 1.000000
0.000000 0.000000 0.000000 0.000000 0.000000 0.000000 1.000000 1.000000 1.000000 1.000000
0.000000 0.000000 0.000000 0.000000 0.000000 0.000000 1.000000 1.000000 1.000000 1.000000
0.000000 0.000000 0.000000 0.000000 0.000000 0.000000 1.000000 1.000000 1.000000 1.000000
0.000000 0.000000 0.000000 0.000000 0.000000 0.000000 1.000000 1.000000 1.000000 1.000000
0.000000 0.000000 0.000000 0.000000 0.000000 0.000000 1.000000 1.000000 1.000000 1.000000
0.000000 0.000000 0.000000 0.000000 0.000000 0.000000 1.000000 1.000000 1.000000 1.000000
0.000000 0.000000 0.000000 0.000000 0.000000 0.000000 1.000000 1.000000 1.000000 1.000000
0.000000 0.000000 0.000000 0.000000 0.000000 0.000000 1.000000 1.000000 1.000000 1.000000
0.000000 0.000000 0.000000 0.000000 0.000000 0.000000 1.000000 1.000000 1.000000 1.000000
"}
object={
	name="lv_Road_45 Medium"
	render_pass=Map
	clamp_to_water_level=no
	generated_content=no
	layer="AGOT_roads"
	pdxmesh="45medium_mesh"
	count=6
	transform="3655.635742 0.000000 1992.743652 0.000000 0.745109 0.000000 0.666943 1.000000 1.000000 1.000000
3681.130371 0.000000 1996.373169 0.000000 0.569692 0.000000 -0.821858 1.000000 1.000000 1.000000
3687.531006 0.000000 1993.632690 0.000000 0.768775 0.000000 0.639520 1.000000 1.000000 1.000000
3718.493164 0.000000 2023.542847 0.000000 -0.820043 0.000000 0.572301 1.000000 1.000000 1.000000
3793.097656 0.000000 2024.780273 0.000000 -0.494803 0.000000 0.869005 1.000000 1.000000 1.000000
4143.518555 0.000000 2078.125977 0.000000 -0.395896 0.000000 0.918295 1.000000 1.000000 1.000000
"}
object={
	name="lv_Road_45 Short"
	render_pass=Map
	clamp_to_water_level=no
	generated_content=no
	layer="AGOT_roads"
	pdxmesh="45short_mesh"
	count=1
	transform="3759.810059 0.000000 2027.597900 0.000000 0.915336 0.000000 0.402691 1.000000 1.000000 1.000000
"}
object={
	name="lv_Road_90"
	render_pass=Map
	clamp_to_water_level=no
	generated_content=no
	layer="AGOT_roads"
	pdxmesh="90_mesh"
	count=2
	transform="3759.874512 0.000000 2027.439697 0.000000 0.309230 0.000000 -0.950987 1.000000 1.000000 1.000000
4343.277832 0.000000 2027.306030 0.000000 0.951494 0.000000 0.307667 1.000000 1.000000 1.000000
"}
object={
	name="lv_Road_90 Medium"
	render_pass=Map
	clamp_to_water_level=no
	generated_content=no
	layer="AGOT_roads"
	pdxmesh="90medium_mesh"
	count=1
	transform="3543.310059 0.000000 1987.766602 0.000000 0.961519 0.000000 0.274737 1.000000 1.000000 1.000000
"}
object={
	name="lv_Road_Straight Short"
	render_pass=Map
	clamp_to_water_level=no
	generated_content=no
	layer="AGOT_roads"
	pdxmesh="straightshort_mesh"
	count=29
	transform="3524.495850 0.000000 2008.412109 0.000000 0.907566 0.000000 0.419909 1.000000 1.000000 1.000000
3529.808594 0.000000 2003.933594 0.000000 -0.923152 0.000000 -0.384436 1.000000 1.000000 1.000000
3534.942383 0.000000 1998.900635 0.000000 0.943012 0.000000 0.332760 1.000000 1.000000 1.000000
3539.421143 0.000000 1993.404907 0.000000 0.956221 0.000000 0.292646 1.000000 1.000000 1.000000
3602.712891 0.000000 1991.649170 0.000000 0.664099 0.000000 0.747645 1.000000 1.000000 1.000000
3609.785645 0.000000 1992.482422 0.000000 0.704557 0.000000 0.709647 1.000000 1.000000 1.000000
3641.521240 0.000000 1993.337158 0.000000 0.727225 0.000000 0.686400 1.000000 1.000000 1.000000
3648.685303 0.000000 1992.934570 0.000000 0.713167 0.000000 0.700994 1.000000 1.000000 1.000000
3680.899658 0.000000 1996.139648 0.000000 0.820061 0.000000 0.572276 1.000000 1.000000 1.000000
3700.241699 0.000000 1995.929565 0.000000 0.301945 0.000000 0.953325 1.000000 1.000000 1.000000
3704.239258 0.000000 2001.623047 0.000000 0.213553 0.000000 0.976932 1.000000 1.000000 1.000000
3707.113525 0.000000 2007.809937 0.000000 0.121949 0.000000 0.992536 1.000000 1.000000 1.000000
3718.414551 0.000000 2023.164185 0.000000 0.634607 0.000000 0.772835 1.000000 1.000000 1.000000
3725.264648 0.000000 2024.524170 0.000000 0.608940 0.000000 0.793216 1.000000 1.000000 1.000000
3732.147949 0.000000 2026.346924 0.000000 0.482422 0.000000 0.875939 1.000000 1.000000 1.000000
3766.504395 0.000000 2023.879639 0.000000 0.687401 0.000000 0.726278 1.000000 1.000000 1.000000
3773.557373 0.000000 2024.233521 0.000000 0.570953 0.000000 0.820983 1.000000 1.000000 1.000000
3792.975342 0.000000 2024.482666 0.000000 0.870903 0.000000 0.491454 1.000000 1.000000 1.000000
3798.862549 0.000000 2020.899536 0.000000 0.847113 0.000000 0.531413 1.000000 1.000000 1.000000
3927.189941 0.000000 2086.295166 0.000000 0.698643 0.000000 0.715471 1.000000 1.000000 1.000000
3940.176514 0.000000 2086.308105 0.000000 0.768423 0.000000 0.639942 1.000000 1.000000 1.000000
4143.095215 0.000000 2078.103271 0.000000 0.933496 0.000000 0.358589 1.000000 1.000000 1.000000
4147.474609 0.000000 2073.318848 0.000000 -0.950434 0.000000 -0.310925 1.000000 1.000000 1.000000
4507.647949 0.000000 2192.674072 0.000000 0.380202 0.000000 0.924904 1.000000 1.000000 1.000000
4512.583984 0.000000 2197.678955 0.000000 0.465331 0.000000 0.885137 1.000000 1.000000 1.000000
4604.754883 0.000000 2249.190430 0.000000 0.517516 0.000000 0.855674 1.000000 1.000000 1.000000
4610.922852 0.000000 2252.398926 0.000000 0.525899 0.000000 0.850547 1.000000 1.000000 1.000000
4337.709961 0.000000 1981.651123 0.000000 -0.984183 0.000000 0.177156 1.000000 1.000000 1.000000
4335.157715 0.000000 1975.029663 0.000000 -0.982554 0.000000 0.185979 1.000000 1.000000 1.000000
"}
object={
	name="lv_Road_Stright Long"
	render_pass=Map
	clamp_to_water_level=no
	generated_content=no
	layer="AGOT_roads"
	pdxmesh="straightlong_mesh"
	count=39
	transform="3506.439453 0.000000 2025.075806 0.000000 -0.381641 0.000000 0.924311 1.000000 1.000000 1.000000
3524.652588 0.000000 2008.506104 0.000000 -0.404342 0.000000 0.914608 1.000000 1.000000 1.000000
3554.061279 0.000000 1984.112549 0.000000 0.624983 0.000000 0.780638 1.000000 1.000000 1.000000
3578.125977 0.000000 1989.495239 0.000000 -0.675288 0.000000 -0.737554 1.000000 1.000000 1.000000
3616.864014 0.000000 1992.558838 0.000000 0.696105 0.000000 0.717940 1.000000 1.000000 1.000000
3829.525879 0.000000 2018.138184 0.000000 0.541589 0.000000 0.840643 1.000000 1.000000 1.000000
3871.002441 0.000000 2043.908203 0.000000 0.296820 0.000000 0.954933 1.000000 1.000000 1.000000
3946.839355 0.000000 2085.114014 0.000000 0.803691 0.000000 0.595047 1.000000 1.000000 1.000000
4024.320557 0.000000 2075.893311 0.000000 0.782811 0.000000 0.622260 1.000000 1.000000 1.000000
4072.970947 0.000000 2070.271240 0.000000 0.613361 0.000000 0.789803 1.000000 1.000000 1.000000
4097.006836 0.000000 2076.418701 0.000000 0.625555 0.000000 0.780180 1.000000 1.000000 1.000000
4151.611328 0.000000 2067.749023 0.000000 0.953538 0.000000 0.301271 1.000000 1.000000 1.000000
4231.569336 0.000000 2035.328247 0.000000 0.475833 0.000000 0.879536 1.000000 1.000000 1.000000
4280.013184 0.000000 2060.314453 0.000000 0.776081 0.000000 0.630633 1.000000 1.000000 1.000000
4304.086914 0.000000 2055.435059 0.000000 0.845340 0.000000 0.534228 1.000000 1.000000 1.000000
4364.875977 0.000000 2024.365234 0.000000 0.375229 0.000000 0.926932 1.000000 1.000000 1.000000
4381.897461 0.000000 2041.984619 0.000000 0.357909 0.000000 0.933756 1.000000 1.000000 1.000000
4398.187012 0.000000 2060.178223 0.000000 0.390340 0.000000 0.920671 1.000000 1.000000 1.000000
4415.873047 0.000000 2077.305664 0.000000 0.351975 0.000000 0.936010 1.000000 1.000000 1.000000
4432.062500 0.000000 2095.819824 0.000000 0.341097 0.000000 0.940028 1.000000 1.000000 1.000000
4447.972656 0.000000 2114.781006 0.000000 0.355229 0.000000 0.934779 1.000000 1.000000 1.000000
4464.254395 0.000000 2133.060547 0.000000 0.313415 0.000000 0.949616 1.000000 1.000000 1.000000
4478.864258 0.000000 2152.788330 0.000000 0.294342 0.000000 0.955700 1.000000 1.000000 1.000000
4492.746094 0.000000 2173.178223 0.000000 0.320997 0.000000 0.947080 1.000000 1.000000 1.000000
4518.381348 0.000000 2201.751953 0.000000 0.498856 0.000000 0.866685 1.000000 1.000000 1.000000
4539.568359 0.000000 2214.059570 0.000000 0.497109 0.000000 0.867688 1.000000 1.000000 1.000000
4561.075684 0.000000 2226.661133 0.000000 0.532218 0.000000 0.846607 1.000000 1.000000 1.000000
4583.189453 0.000000 2237.373291 0.000000 0.511759 0.000000 0.859129 1.000000 1.000000 1.000000
4641.181152 0.000000 2260.802002 0.000000 0.696062 0.000000 0.717982 1.000000 1.000000 1.000000
4665.694336 0.000000 2261.590820 0.000000 0.739547 0.000000 0.673105 1.000000 1.000000 1.000000
4715.137695 0.000000 2260.717773 0.000000 0.571304 0.000000 0.820739 1.000000 1.000000 1.000000
4738.276367 0.000000 2269.378662 0.000000 0.469755 0.000000 0.882797 1.000000 1.000000 1.000000
4758.696777 0.000000 2283.194092 0.000000 0.416254 0.000000 0.909248 1.000000 1.000000 1.000000
4800.530762 0.000000 2308.165771 0.000000 0.641703 0.000000 0.766953 1.000000 1.000000 1.000000
4824.848145 0.000000 2312.547607 0.000000 0.669262 0.000000 0.743026 1.000000 1.000000 1.000000
4849.147949 0.000000 2315.147949 0.000000 0.703994 0.000000 0.710206 1.000000 1.000000 1.000000
4873.664062 0.000000 2315.378418 0.000000 0.698249 0.000000 0.715855 1.000000 1.000000 1.000000
4898.186523 0.000000 2316.075195 0.000000 0.680164 0.000000 0.733060 1.000000 1.000000 1.000000
4346.907227 0.000000 2004.606079 0.000000 -0.981924 0.000000 0.189276 1.000000 1.000000 1.000000
"}
